6492
4952
1666
4210
4450
1919
8707
6793
8635
5220
4903
5522
2254
4588
5802
6928
2148
9180
9749
7026
6134
530
7987
533
336
7631
5471
3593
9602
9899
9091
6094
1203
757
6656
2005
9028
5363
8799
7664
6935
54
9538
5541
4642
1692
2470
3143
873
2219
169
3359
9101
4508
3892
9437
2140
9363
3030
1742
5614
8474
4188
6818
9231
844
5175
8260
2559
3974
2276
5847
381
1814
1388
5023
3506
3858
4518
731
2429
4688
4090
1530
9196
7983
967
1336
3698
350
9430
9313
8824
3618
2483
4407
814
4010
9019
9726
7985
1295
5573
8366
9461
3313
9741
9320
3524
4260
51
5953
5300
4142
7484
4496
2125
4803
2185
2175
5153
7967
7840
329
7938
6675
4737
8752
686
3756
4830
8671
1404
6755
3389
7217
69
9482
6537
3593
94
6589
5898
1746
7083
3382
6243
5560
4538
4780
7735
9691
2747
5576
6373
685
2251
1110
5790
2937
1218
620
7960
8974
7376
7701
6192
3797
7184
2729
3742
3630
5670
9640
5377
2753
9375
7972
8313
3913
2752
6049
9956
5499
7977
2681
6185
228
3791
1975
3166
1362
8947
7478
336
2675
5180
6528
2824
8716
5610
6566
2346
7632
2559
4075
386
8286
2047
5051
8551
1151
7452
4859
6651
5429
7541
9188
2010
7684
7515
1528
9046
2814
9006
5735
5490
4186
8615
8314
2902
577
1233
1601
8210
144
5676
4948
8430
4076
9999
6981
5227
3804
8192
8230
5585
5733
3770
7595
3418
7637
9123
8816
452
4482
903
2294
5020
9519
608
7923
6448
8193
5876
4658
8337
7904
9606
6767
1980
5958
100
3560
9762
8293
1790
5347
378
1913
2943
3796
9550
8418
8965
2
9252
9868
2296
4273
5739
9257
2196
2188
7450
4424
6846
5788
2328
2805
8907
661
8763
9008
4221
8525
3653
2363
224
4031
628
9519
4180
179
4290
3145
181
3542
9365
8830
7815
5105
8087
6363
3645
1889
787
6843
4029
9468
9648
2937
129
4763
8297
702
9640
1950
9417
6217
2333
46
5736
6513
225
26
6010
6758
3569
1728
1940
1384
3185
6379
4100
6830
8269
4887
25
2298
4355
6026
5235
836
789
3532
7890
6782
1834
7308
2999
520
3706
8735
3385
283
5114
9396
3393
8683
1124
5334
6419
4309
1713
519
7491
9982
1759
7516
8633
6114
3542
3868
3303
684
3753
1193
7466
1939
4853
465
2459
4911
5552
5845
1546
666
1593
4940
5701
9069
274
2121
9730
8339
2640
7221
4674
4399
1089
3307
6866
984
3527
6521
1668
7280
4066
5486
5572
5272
5951
4383
183
7855
228
1730
8522
8173
3022
4223
7242
3296
2696
6972
7987
5337
545
2661
6088
7987
5968
9306
8971
9496
2179
639
3128
6246
6125
8700
1518
8428
3084
8053
6283
9664
6135
1157
4190
9157
1733
1432
8805
4429
4757
6793
6118
1654
9454
8559
9641
1775
7865
4964
1271
6397
1955
4399
2643
4432
9452
513
2860
8888
8566
5496
4904
1054
3005
9094
211
4738
527
5369
9168
1636
8514
1638
3290
7968
197
9284
6095
4415
4248
7366
812
6204
8118
3455
636
7570
320
9849
2810
8886
1697
7714
6292
4702
6809
2856
5793
3688
8225
1313
5324
6739
2951
4966
1059
3149
602
7155
7564
4851
873
4728
7407
8991
8183
4395
2913
8503
4244
5723
3741
2293
9790
34
3348
2951
9242
9141
6639
7467
6806
8315
558
9757
9633
7969
9258
236
1476
3174
1439
2350
7902
8846
7693
2437
9593
6959
940
190
9034
1034
2483
8824
7420
5831
1775
6662
1324
4766
481
8130
9433
7391
4240
9067
1712
3498
9303
3189
3025
7094
1891
927
5940
5936
3365
1885
2895
657
2075
1930
1691
4559
7106
5463
6742
5234
2125
4419
0
8958
8901
9434
6349
9493
4853
8062
2992
508
7603
2369
7602
9494
3296
9894
1782
6661
1779
4678
7319
3855
2960
5362
8414
66
826
1508
5300
2951
2279
1653
8262
1181
7439
4611
674
2292
9025
18
2800
6628
2387
402
2474
5684
296
4257
8697
2075
5287
2368
5930
8247
7731
696
8313
8557
8557
9966
7860
836
7971
6122
2017
5410
7086
9044
7702
6111
9062
502
9092
7802
7256
1566
9838
7552
2175
8535
5979
7462
904
8262
2061
4987
8958
6727
9896
3867
6693
4108
4704
4664
231
3073
74
3669
8469
4128
9780
7532
4630
5224
1686
8238
6791
1524
5790
5318
6411
1769
9133
3667
31
1194
8654
5342
7921
8550
9209
966
2659
265
1982
9242
9691
8408
2911
8160
2536
9043
2044
3518
4268
3730
1756
7411
1606
7546
9081
8018
5668
8214
1685
2051
9409
340
7393
3682
5242
2955
4649
4253
9572
6631
9847
9263
5040
9110
7424
3928
8154
9468
7447
8774
9551
9203
2537
1157
3102
7970
9175
5122
6185
861
7173
1946
7553
919
5628
9147
226
277
9753
9798
3261
9600
5414
4653
8711
9190
8581
3217
5010
6028
8343
4561
1584
7232
5719
1038
5202
1246
6160
7739
8459
9685
9685
2364
6956
1666
1512
3534
8295
7617
9685
1556
7217
5099
6209
2280
4289
4791
1849
9299
7171
192
213
8755
3776
2284
6145
5331
3530
2305
3070
1990
8343
9108
706
1651
774
8570
5186
9069
6187
4871
6978
9757
6322
3187
2037
6963
4330
3887
2614
1502
431
9179
6609
4208
1463
2755
9539
4994
1412
8961
3336
6107
8069
4042
7759
5195
8965
9297
4265
5152
520
7595
4909
3194
7134
3299
157
1465
7186
9123
9319
3969
8303
2280
8177
9766
1387
4068
1112
2800
9382
800
5259
7451
1195
3018
2647
160
8667
3264
1664
9187
7211
6574
8733
4345
9873
8890
5810
3411
4366
1481
7380
2669
114
1910
8787
1501
2330
6252
653
1712
7052
5913
9164
4599
5283
8163
4759
3951
7779
6424
9490
4990
9350
8224
9335
5575
3466
1498
8986
7832
9331
2718
6853
9445
980
1993
7299
3311
8245
7952
5023
1649
3865
539
2601
5501
5054
3712
9452
9185
136
5294
4175
5838
3518
9863
1413
3337
7713
6751
7521
3396
5822
4375
9194
6802
2720
6493
113
7317
797
1489
5318
4663
2028
7919
164
3435
1632
5968
2620
8120
1262
3148
3959
1133
3011
1724
4470
7076
4828
1991
6824
7002
2718
6018
3804
1790
8863
270
9107
9661
1759
4426
676
139
2345
7192
3574
3977
9512
6195
2098
7126
9343
2409
8259
8706
485
9081
2134
1665
7425
8958
8667
6495
1329
2472
8286
6544
9094
7393
6205
7205
8171
3233
7344
517
425
7271
846
9937
3466
9296
7064
9161
8057
1675
4219
8543
7109
6353
208
886
1663
5228
3733
9344
7700
2019
5889
3146
5765
2094
351
3936
1680
4047
805
2105
1318
8004
8395
1136
7300
1811
297
1710
3486
868
253
6947
3573
6813
7833
5237
2041
7919
933
6093
9938
6822
9239
2055
5269
5942
2344
6949
9990
3149
5406
1308
7505
3801
8797
4806
5612
9094
6516
5451
6315
3121
2398
9888
6286
6584
1477
8328
4503
2411
773
793
5585
6365
9201
7206
2307
1545
4155
2297
1046
9562
9958
8552
9715
8755
9710
1680
4201
2578
7131
516
5699
5881
6757
8337
8817
4586
6665
9672
6997
3791
466
8935
156
9667
6141
2463
1212
6649
1113
8610
6211
7423
7162
2278
6178
6872
3958
6731
5802
1089
3600
7853
3323
357
6191
2140
4943
9208
1813
8293
2999
8631
7228
3155
8298
9721
5619
5862
6370
3084
4472
8933
507
7987
1212
3037
1211
1522
9768
7014
2612
3368
4867
5935
77
1058
4427
1373
267
6240
6018
3266
4871
3246
2774
9521
9319
4745
1735
5690
7829
2560
4623
4688
6899
2187
7725
8110
3710
3845
5124
2674
7214
6344
4961
3643
7402
9388
1368
4021
1981
7386
3640
6852
6984
6414
2726
6304
7511
813
1994
5340
3373
2969
6380
272
5157
4105
4735
8867
7950
9859
1541
1516
6203
2854
1512
9958
2242
2880
331
4223
267
3971
7428
7251
6737
6506
9907
4248
7319
1901
5940
7045
1223
2320
3669
6380
2777
8404
1599
728
8264
9492
8596
819
2346
108
7129
4588
2989
7461
5164
9608
7784
8944
3211
4522
5450
3119
5122
2769
5020
7415
6166
2595
6087
9836
8975
8865
8240
6926
5945
2856
2770
4541
3676
5116
1002
7157
6057
3991
4618
7573
9951
2403
6517
3162
3277
1967
6281
4751
1088
7654
8518
7255
249
4606
3443
5577
3471
1683
8855
5768
4540
1626
309
4568
3094
7663
1725
5503
1654
6344
3076
7957
5099
9593
1120
4728
7912
3753
9479
5353
1407
4350
8960
8009
8956
2403
9938
8779
4086
8793
4547
8626
6771
1208
9546
9866
8872
1272
5369
6878
7616
4798
4836
9067
743
2308
3795
5008
6061
9626
361
3821
3976
5673
8182
9284
8076
8120
4415
8514
3265
8962
3493
37
6523
3039
6255
1747
4311
7976
4977
8279
2774
6165
7346
9870
8473
7493
4878
887
3472
1591
1060
3800
7264
9242
3085
5340
3714
7500
3854
6979
2815
3699
3368
5690
6739
5975
7437
1050
3952
2414
9330
3078
8580
3028
2948
3405
6874
4178
644
346
5769
1704
4146
3033
7298
3583
4725
1012
7436
4932
4344
6603
8631
4064
2293
5370
40
6082
6421
344
4848
2103
9774
9780
1483
2723
3186
8357
6901
182
8703
9023
1887
9202
2056
5537
9137
6782
2902
6573
1714
3598
3176
345
7662
1821
2068
4054
7903
4841
750
9104
6944
525
8884
4779
9600
8422
3137
2853
8605
8192
1876
6844
7394
3933
2381
6532
7067
5283
9457
5133
8881
8986
5478
2896
807
7546
3302
5063
2387
4053
4167
5683
4578
9403
463
4178
4178
9952
7031
2783
8144
5260
5979
1891
9193
4712
4775
2612
6348
584
7745
1581
9570
9575
4477
378
3474
7780
1793
2213
8185
2312
7897
2763
1715
4712
3293
5893
1016
6676
5028
9160
1936
1007
7403
7481
5720
8530
93
2068
9115
7838
3649
8685
3766
4479
5415
7240
8611
3560
9453
6796
5872
3702
5911
3940
4766
5556
6185
5782
2232
1214
1295
521
8573
8698
8002
645
3581
8096
9065
2696
2286
9067
7733
6052
3546
3149
3292
8509
3061
9098
1657
8934
2800
7568
2874
7567
3124
5411
3349
1708
6625
4644
2229
1551
9695
6584
2196
9628
1032
7614
2324
3318
6681
6409
5723
6579
5910
5367
1440
8972
4465
3097
7906
3618
665
7132
1185
141
2543
886
8201
5521
1883
6783
3424
7930
3367
5620
7558
4399
9586
6234
4069
6267
2643
9792
9198
8554
1512
638
7526
5977
3735
1784
9595
752
5268
7132
7245
7811
4371
5447
9684
6254
8582
3108
4184
1949
5081
8094
2700
4667
4328
6769
7287
6971
2914
6485
1877
4426
7124
9403
6755
7211
1187
2703
7964
2807
9835
5209
6971
4206
7008
6655
6812
5590
6116
7348
3891
1197
5442
6591
2216
9770
3361
9503
3094
6275
2341
4971
701
5817
727
3808
3028
8266
6511
992
1074
6347
2554
8045
6905
5914
1052
70
7857
7168
7418
1748
4717
2861
4692
3286
8983
8053
2789
8429
680
1482
9753
7733
7299
480
1541
328
5098
8053
7672
2524
752
6578
569
4009
8845
1622
4079
6702
5142
7850
4802
9860
711
9494
3146
6046
3899
2287
828
931
122
581
8664
7421
7413
6558
4101
2511
4611
8126
5036
1715
1056
1957
2076
6253
9931
6156
9307
5074
4006
4110
1286
1069
9956
784
3467
208
9423
4295
1139
9545
1228
6156
3319
8641
2714
7420
7505
3677
1898
8893
5392
9307
7202
7468
5560
7134
9976
4868
8560
334
5330
9846
7755
5286
6982
1223
1846
6405
1870
2986
5951
3099
5494
9270
8092
8208
3042
5597
1885
1293
842
3629
600
8045
7449
2512
1531
7426
7380
91
4112
2710
6289
1868
4349
3271
9443
6195
9676
1313
5533
1979
4412
1027
7601
2505
5587
6996
4454
3824
8289
1649
7453
5241
9694
4903
4105
1225
8681
1486
1316
9145
548
3957
1013
4897
7228
456
7445
6904
8122
9330
5236
8886
6710
2837
7743
2297
6185
2198
6122
826
199
9927
6067
9893
1182
173
7470
6215
8011
5138
5361
8559
9095
2726
9809
6323
9535
3606
9579
7657
9288
4815
6543
5998
4005
4287
4648
190
2837
770
1017
3036
7049
3436
9281
8232
9961
6751
4447
4324
8241
6160
2884
7336
8887
9045
11
4774
9003
5942
8783
8291
758
1678
4290
1115
5965
5290
7657
5154
2412
5026
4542
9461
4815
3823
7693
4776
6926
8493
5453
5167
1005
8337
8855
9892
3734
8866
1018
2737
4809
9801
7380
1919
1480
1670
9386
3797
3312
3395
5304
5724
8422
9846
5186
9589
3670
9231
717
6948
7724
6170
2116
8730
4507
7323
4974
4593
2542
2345
3682
7351
2146
1063
5622
9978
9085
1360
3776
2398
4755
9080
8122
9529
5278
3308
9118
8948
2540
9836
5897
6616
6006
4365
1698
6866
1688
6673
7811
4230
9018
1494
7933
7516
2557
9907
7495
1642
7619
7623
4040
2375
3055
8515
8256
8333
1823
3727
3634
715
3563
5883
7332
5921
248
5382
9139
8288
2055
6951
8871
7425
8445
3156
1294
1002
9416
5141
8996
7035
2764
9389
5762
2171
7904
4019
504
6079
7746
490
3147
7661
6373
479
9934
2973
2213
9074
7614
4269
6025
6485
8046
4470
5993
9340
1824
5409
4481
7172
8797
3597
6561
4559
5768
817
4930
2625
3249
9028
9467
6396
6689
5841
3227
6624
5166
5440
2050
2780
6061
8075
5617
4108
8897
7963
9800
721
9724
634
4245
8521
4231
807
9433
6352
7976
4363
5329
1225
9744
4796
7621
6433
6989
848
9409
8508
6289
1459
1288
2350
5886
3258
2810
4783
1221
8963
1856
945
9597
6102
5819
180
6909
5252
6532
1237
5967
8213
2463
5711
9362
6436
8497
6351
3637
7906
4859
6278
5718
2500
4980
1604
5758
7791
2740
3331
6754
4596
628
2703
698
6447
2883
3959
1699
9416
5197
7667
3981
4012
3378
3343
6800
8227
6047
437
6134
906
3067
8204
9758
8048
6160
1868
2191
8900
5199
5297
9849
2180
8000
547
8627
883
4507
6679
6651
6056
698
633
6420
428
3976
3220
8656
23
10
1142
7282
3077
9346
3392
1125
1858
5261
9668
7111
6812
4965
6960
8992
2965
3859
7620
201
8366
651
6852
774
1349
3837
7194
1777
4166
6767
433
541
6777
1575
4175
6206
7273
7568
3684
5484
2829
3352
2595
5993
8318
5907
4986
7635
9766
8958
7836
4485
9609
1041
5259
7310
1230
8806
5439
5396
1925
5873
5938
5054
3800
113
1260
7426
4033
4944
9262
6862
8297
1857
2856
2967
4116
4194
602
3882
9504
4791
4719
9113
5832
9979
2775
7062
5137
8214
8811
7062
439
4749
2116
592
1214
9728
8018
5248
4673
7280
8462
9322
5489
7670
2289
5957
1864
2891
9839
1368
4034
4559
6833
9866
890
5960
3281
2379
4175
2092
9441
4614
3193
7909
5206
4407
7637
9576
6007
8662
3208
4470
7984
8697
2140
273
1006
357
9517
846
8077
9903
1757
4911
9770
8999
7223
9403
1378
1398
1495
7171
2365
4688
1432
7571
5447
9069
3500
1455
7732
6708
2277
2068
1758
769
8694
2764
1126
4563
9962
5556
4466
1719
6819
4236
7070
4042
9991
8448
5441
1486
1971
7806
2526
3403
1729
4326
2473
5229
2133
6557
1938
4410
8625
3696
1531
3671
6460
2658
8234
6423
4566
2701
4494
1385
3289
1565
5427
3281
6365
868
1119
8337
5026
9998
1740
6756
4324
565
1985
6457
7122
275
7219
2100
3971
8750
5771
6784
7760
4006
9559
2326
3059
405
3711
6348
1970
9139
5981
8336
6359
7101
3025
1386
7099
4765
4494
1423
5331
2831
4232
8805
3107
1451
7257
3430
201
3029
6566
7962
3387
6125
6640
6446
6531
352
9146
4853
9491
5128
9541
2202
2229
2566
9940
5680
3684
4434
3455
9015
3618
7687
4172
6725
9138
1430
6507
5691
811
3074
5
550
9199
6646
3348
2082
3350
2494
6936
9193
7622
6477
1395
6203
5396
1336
8235
9080
2122
1690
4447
5740
9377
8619
8817
4867
6401
5325
559
3564
8399
6916
4114
3950
9914
7462
2385
3264
6309
9321
2457
283
2150
3853
6487
7546
1541
4722
6626
15
6413
1073
2108
2142
6045
925
7010
2446
2602
3921
6011
7353
7189
6477
1304
7104
3940
41
368
249
9362
9178
6884
7864
3031
3371
5411
924
4446
8389
939
7211
5815
3047
5705
1860
325
2715
658
9279
2988
3021
6633
178
9499
4289
3634
3439
4330
4002
40
44
9532
6924
7908
2563
6648
9671
9839
7446
8061
7131
1009
228
6530
6714
2088
6855
5782
9098
2487
5122
2120
9120
1652
1619
3409
5286
1410
4091
5641
7802
4135
5173
1078
2043
4089
4078
8067
3928
7876
2480
7411
8885
2708
3942
1952
1148
7149
4086
246
9636
5560
8718
8756
7213
6689
8517
8851
8099
2608
4492
2253
3095
6018
3332
1491
107
3762
9558
387
1639
2038
7799
6876
1098
8093
5180
8598
5242
9266
5196
1231
4827
3915
6339
8392
604
4857
7243
5056
3817
1736
3661
3265
4106
3345
4756
4213
7108
4314
952
5099
2704
5103
1975
154
3196
7156
8752
4791
2774
3948
6022
3953
4215
2361
2345
1172
3570
5941
2580
3740
4029
6241
7005
8135
9587
1761
8700
3047
2427
9652
8146
1483
4756
121
7989
7952
3629
6741
9095
6404
7041
5117
6709
7609
3831
9055
8781
7401
4996
1361
7493
5377
7602
4498
3512
3541
2611
2212
6588
1390
1864
4734
9225
2972
1208
7214
7277
4837
307
6372
7593
3701
1490
4303
1310
1673
9710
6443
9074
1058
7804
2920
6435
1758
7418
9947
5300
6382
8511
8240
4124
375
9327
3350
9700
535
6916
6977
1724
3576
3349
9318
7277
1191
9973
8587
2864
6035
1382
8291
7093
9186
1211
9880
7296
4981
6179
8948
1363
4690
7189
5488
1417
6516
5190
1117
7051
8458
8094
5127
2034
7796
797
9311
8987
770
4250
8204
6805
5632
6495
250
1170
7706
6482
8467
2687
2661
7415
403
7351
956
2243
5121
7472
7433
6238
875
5891
685
6003
4278
4833
6800
3589
172
3923
4192
8376
7080
6176
1223
3683
7347
5281
165
2166
4321
2827
9581
4724
6530
538
6967
1651
4362
752
4242
5238
2995
1279
7593
7273
6112
4393
7215
2636
4668
7759
1013
1749
3935
8588
1784
1282
3870
1949
9800
8191
1128
9382
2915
7659
6272
6234
5662
634
3338
6256
2224
2685
7535
9817
6311
9999
563
9878
2636
5231
7637
1
3332
1572
8589
5116
9207
8811
3418
9007
7002
4546
4741
6269
8557
1013
8855
4220
8000
2193
6828
224
1231
716
42
7542
7067
605
7420
6055
2188
1409
6056
1873
9333
998
3341
8540
9809
6759
3900
6812
1306
4993
9433
6215
6007
8289
435
359
6834
3616
583
8065
4332
6977
1959
1399
3934
5731
3807
6123
7140
9863
7996
6474
7213
1337
1366
7023
4449
1618
187
5755
6612
9620
1970
8971
4261
8758
5682
7448
8726
6265
5513
9410
3243
3825
7161
7177
5908
968
9652
3049
832
4000
5875
4397
1690
3593
1420
6139
1564
7959
8246
4528
3932
6568
9851
8193
5326
5533
5641
404
8150
7507
9814
7745
7684
6976
4923
3592
7944
927
2993
5128
4928
5220
9526
6618
5166
7298
9109
6730
5258
7355
7610
9190
3923
7461
3735
5602
9346
5729
6006
7496
9588
5821
5242
7272
2797
6517
7216
7093
7444
210
2222
8724
5430
1748
5342
6948
5398
803
30
656
8158
7640
6198
2082
5101
6286
7684
799
2015
42
8296
7955
5863
3538
5227
5012
55
8795
2106
3851
9005
680
2576
788
8780
4270
7736
4178
5074
7767
1187
3232
1759
7385
1666
3213
3671
9350
4012
2038
9393
2308
9993
1608
5846
1572
2973
2253
368
1431
6105
9373
2111
5033
6513
7243
9303
602
7773
4377
4721
8960
3962
6480
6346
5628
9693
6369
1331
3706
8408
7076
2366
8401
8684
4565
9974
1657
6818
342
9440
9275
6067
1551
4308
8933
5146
3612
9535
2920
4341
608
1880
8303
7088
8226
284
3134
948
1615
3192
9356
8691
5558
7757
3727
123
4083
1737
3294
777
1177
2569
3197
9081
3230
2130
4227
3194
8017
7147
7535
8625
5380
2191
2065
9958
2475
5199
906
442
8391
262
5485
302
4372
9212
425
8455
7301
3719
5585
8479
2641
8782
7560
5871
912
8139
9065
8929
5287
6600
3906
667
5143
5971
625
3970
7523
1532
4412
5914
8146
9897
6216
2518
5462
2994
7326
2763
3065
2911
7594
5706
8045
5154
1577
8957
9646
642
4238
4933
3595
4496
1952
8738
467
8929
2709
7990
6813
3473
257
4960
9723
2825
3830
5185
5819
7508
4300
8885
6771
1895
943
4816
3401
2521
125
3047
3163
715
4332
3110
5211
6284
1849
2031
1566
910
21
8379
4383
6630
9691
4106
9456
9874
5643
1627
7382
9944
6864
506
8191
7808
1674
1592
329
1800
4640
9844
8867
5324
2955
431
1609
1156
2462
9527
2066
2483
7906
2801
5466
3950
6908
4922
3824
8903
6549
7558
5199
3414
4416
3390
7574
6091
1335
4255
7891
2327
4099
3110
7651
3406
3541
9260
4562
6003
8787
2980
4839
3046
5782
305
3348
9042
5227
3524
7945
8128
7434
3145
7894
1851
2887
5468
7942
4222
6075
2185
6549
175
5295
4201
9933
8837
9813
848
1192
4953
3828
6031
4351
9610
2688
7699
8652
4267
1223
2950
2396
8657
2447
6642
508
5334
8463
4802
5909
4538
6987
2458
1065
2283
3011
999
7472
9177
1847
5016
4130
2027
1048
8481
1638
3736
2532
6642
8004
3755
5944
6752
8764
8391
3394
5625
78
1857
427
5987
6396
3767
4797
3813
2402
4161
4812
9874
3338
3011
4890
3820
5039
2290
2301
3029
2379
1185
6023
6735
4940
8320
9839
56
6711
3233
2033
3141
1443
2461
5480
4191
6228
278
8004
8630
791
9169
4856
4129
2180
6098
7949
3571
4741
6602
2952
7120
7787
5328
207
9079
3648
46
5487
6711
9631
7521
9853
1074
9982
5333
5265
2562
1963
9622
7544
9106
8791
8752
3235
7323
1202
7536
7247
5943
490
6551
9415
4629
1879
9622
3708
1879
6020
9196
8591
5652
6717
4796
6726
3051
6481
8344
1965
4797
4318
5861
3903
3109
4613
3491
6784
5815
7379
4031
8111
4222
6935
7526
8851
8814
3501
2560
7046
9521
8108
1989
5173
1177
6785
8252
580
9618
2948
2545
767
7266
8406
4671
6727
9371
4514
9863
5186
8245
3895
9649
2467
7182
7176
1319
2348
677
231
9394
6550
4691
1383
1724
5868
4520
6328
2800
491
9276
1697
1258
2894
6455
2281
5973
5826
6795
5836
7364
1393
6083
7014
3860
3265
542
5179
5614
1219
5410
5008
7769
6453
2744
5845
8673
7264
8525
1473
4107
4153
3170
5366
7047
5977
7647
3020
1803
795
8857
5520
2188
1292
2534
6048
4558
9428
7580
172
647
9342
1532
4768
5796
4276
6966
4469
7893
5491
2295
8352
9645
1817
3718
3044
7795
7718
2417
9598
8513
7626
1470
7053
8918
4004
9453
3476
3432
7033
0
431
6376
7885
1552
8524
8513
4870
9345
2758
6713
1640
1111
2710
3458
4829
5755
1253
2547
4524
7203
7412
2150
8674
4465
1068
9030
3919
897
8815
952
7249
5598
3680
5134
7150
8556
3648
8372
7902
6406
5086
9542
7517
7796
9352
8699
9903
605
1246
4427
4161
8659
2929
2835
9476
350
1865
3395
1247
680
700
4848
6279
732
9983
9781
9289
9983
8154
7191
6389
9592
3085
259
3740
8790
8958
3644
5747
204
4423
9908
5215
7353
2743
4692
7703
961
4439
5302
7993
5139
150
624
5872
6485
6758
5161
6468
1264
8704
9210
856
8141
9469
4596
3283
8427
4592
9031
4983
9016
5291
6551
2721
4387
7595
6776
5348
2034
8430
9693
7174
4932
318
9398
1418
3428
911
4238
4692
5967
3448
1900
460
9269
2848
3744
7696
7441
9127
9032
2809
4418
5583
1882
8805
9530
8658
4153
1564
7088
199
5090
2020
6869
4488
9790
297
1751
4029
4989
7718
3829
3241
8179
3099
6089
8275
7147
3530
7402
6179
2691
1820
8114
4573
6978
7644
9583
1131
5561
6671
7682
651
5044
4551
1492
1186
4848
9595
1567
6189
7314
5397
9430
1845
4848
5520
6472
1995
5402
3874
4527
4446
2046
8993
9019
9024
2990
8603
6508
8551
1626
4190
5554
6670
5094
3398
4209
9942
2994
5776
6132
6660
7525
1914
4857
2373
7434
1329
721
9189
1555
5248
3635
9953
4241
9006
8978
3583
3961
1838
8486
5588
2380
4041
8610
7474
3791
2819
3769
6785
8596
6253
3445
2473
8167
8302
4847
1954
5983
5568
1143
7538
7168
1130
7492
7761
136
2822
1345
450
1012
9831
6038
3392
3872
4648
7219
4016
3820
7340
801
8768
3593
599
1241
1760
5253
2440
3714
1237
8008
1209
8775
5176
8691
2619
2938
5180
1793
635
5630
2805
466
8020
2550
691
9020
6121
4707
2840
3461
1860
7960
7054
2459
9202
5166
7713
7994
5233
8950
6003
2794
4077
7531
1486
3049
6821
3018
4842
7456
8648
4000
4275
6668
2902
4966
5688
9023
6025
4881
8836
7885
2841
2242
345
8395
7408
4410
6390
2641
3360
8745
1788
3789
6276
3274
3190
9450
6292
8033
6906
1292
8385
1181
4312
7639
2499
6352
6662
8524
1233
1850
2762
427
4092
3107
8822
7852
7517
1564
6846
7229
309
8634
7370
2938
1908
561
2388
4552
4946
5646
2196
9683
3180
6508
7322
2031
2860
336
556
446
2186
9670
873
2630
9129
6047
482
2998
3964
7328
6579
4273
5962
3949
3563
4222
862
2303
5126
5808
7950
7322
5491
7482
182
2813
9513
9395
9501
6421
6193
1687
6091
7066
4317
5220
9465
1152
8218
3429
8480
4797
4055
795
5099
7618
5017
5961
6274
6496
1770
4224
170
3613
8058
6705
2779
7571
6100
2280
3993
2293
320
84
5711
989
1657
1528
2141
6227
4958
6974
7377
5365
4121
2476
9335
9138
8437
5609
1986
6559
6185
2157
6525
4243
8862
9304
1815
1314
7936
5808
9959
4608
2244
5670
5598
253
7198
4091
6481
8508
7417
3858
3873
1538
6334
3209
7029
1123
8818
9015
4035
1356
7524
560
5599
2738
6216
7414
4052
504
9574
363
5113
8171
6033
7063
8424
9584
7506
1257
4444
1276
5115
4670
2814
7801
4231
6195
5277
3049
1563
9312
757
5439
6224
6357
8178
2440
3771
8582
2944
9698
8946
4409
7869
1331
7824
2645
7267
1683
3903
1712
2959
5370
2734
2125
9524
6965
8321
4801
6366
6236
465
7124
1675
6689
3481
9853
5481
3604
8436
4777
3302
3734
9187
7523
5065
3363
169
2333
5046
424
397
8005
2146
3131
131
8022
96
4804
2823
6462
1040
9640
3586
2715
2681
3419
8921
8162
7024
3709
2940
6678
7443
8479
4202
2508
1842
723
1193
6889
7499
1590
4894
9645
1073
1377
7668
1169
6181
6843
3984
3573
2836
3922
2641
5517
7342
1562
3680
4366
1623
2972
1044
9066
1451
1598
7926
3293
2321
5472
6534
6172
3414
7781
2170
4488
9158
6190
2009
1692
9385
5993
5265
2221
9916
4258
4091
7258
2172
4123
7976
3795
7095
5372
2861
8546
6971
7140
8191
5644
2612
4726
1817
6026
2507
339
6866
8017
6529
8876
9709
5914
4869
1327
4488
1137
1937
8579
8395
4110
2702
2723
7905
6149
8096
7119
1047
1419
4259
9238
7063
3223
316
5232
5601
9175
5571
8820
3545
2100
7696
9606
4367
8917
7285
8855
55
9223
3786
4802
3333
2840
7526
1238
8989
1974
8357
36
3393
8968
9274
456
8543
5943
2041
497
1470
7612
9317
5015
6065
7013
4622
6784
2282
1907
1991
2337
1130
5777
7140
4463
8617
1018
2054
7606
2992
6763
7642
2737
5732
3268
3193
627
9211
1586
1124
682
9199
6793
2049
1616
158
6671
8400
2441
8579
391
4778
6061
2520
8270
6877
1137
5640
8931
5095
4984
5694
9089
7721
7778
2357
7267
8406
7921
8853
5882
4955
8052
2676
7004
6020
2834
28
4420
5275
8607
1163
54
1020
3683
4676
7897
1172
317
6828
6267
5301
8875
5356
3023
6653
4066
290
5059
1987
5495
942
3294
3548
3618
6650
5920
6452
6678
341
8080
1637
7856
4486
2658
7892
9162
555
9064
5831
3736
1684
7485
2611
3392
6860
9264
3810
7150
676
2149
2645
1618
5443
2545
1588
2094
8466
4392
8772
5159
2472
410
9367
3310
3068
7259
2473
9975
2676
4656
63
712
2141
2674
456
9001
8291
4267
2503
8967
6416
1501
6937
1860
398
4877
306
5216
9269
5430
6727
8094
5840
6095
1404
5260
9706
229
1588
2382
4886
1651
9446
3379
678
9903
2381
5321
4170
1236
4288
586
2737
7577
8798
9488
2454
5456
4704
1723
887
1432
6169
3079
7527
7574
8340
7233
7803
6280
5968
9041
4283
5414
2421
4961
1669
1154
282
5839
2390
922
2778
1480
8499
7928
968
7305
3385
5672
5381
4272
3456
1550
3703
983
9124
2043
4569
3280
4675
6889
2321
8959
8655
4742
272
325
2248
6907
2516
4639
7829
5294
6119
2681
3223
3439
6338
2960
9111
1719
3584
2568
3270
7287
9903
2394
5683
824
2026
358
7713
4348
5669
2721
5442
5942
3046
7691
9201
5562
2330
3382
7209
4801
6063
6784
8240
8754
9744
3703
473
3328
2623
3743
6967
8879
2490
2650
9703
4516
3009
3769
5216
5030
6490
659
7324
5888
8350
6525
7802
7032
9908
5011
8185
2323
8147
2777
1077
4243
2832
1551
7571
5456
1646
4539
687
488
3541
6742
1357
2902
511
6573
7933
3353
7232
5257
9241
1934
1783
3396
5318
8043
4759
3503
366
2907
2632
7796
7150
5465
9347
1074
7273
7345
1965
4312
7834
5506
1054
9191
8409
1566
2116
2694
1271
5701
7951
6865
7635
6086
261
9306
4129
5020
2809
4496
4279
1794
2292
1430
3611
7991
8856
884
1688
821
5196
5874
2679
6250
1417
7440
4168
3534
134
5440
9235
8086
8657
3222
4172
8918
2528
4654
290
1690
5502
922
3484
7794
8704
7095
2137
7560
4331
177
4733
5879
6052
7412
2129
7469
4853
2650
1003
1339
4442
6590
9425
3099
9813
9950
8369
2341
4604
8659
4031
106
9581
3867
4252
4637
7314
2741
2197
1645
2918
6930
7524
8970
695
6006
6440
1900
5008
3795
3239
9450
386
9017
8901
6551
8967
7270
8892
9923
2281
9276
6381
8215
3143
633
2852
458
9726
1402
8455
2644
8332
5980
7967
5379
8338
4407
3631
3346
4554
6871
2796
1292
5888
8049
7843
1207
5319
3088
7482
3952
2364
3863
2167
1859
848
1372
8669
574
2774
7125
3218
1106
9457
7537
2838
7795
1944
6469
1141
2851
9692
289
4143
1932
4690
8339
3139
9
1427
6973
3961
3791
836
2481
2002
1684
3853
672
8610
6627
7797
8181
4085
3606
5718
3275
1401
4015
9745
8894
6866
9437
5535
7361
1370
225
5700
861
6586
7127
4187
547
7270
5023
9380
9273
3060
3233
6297
1670
6212
4094
9851
6650
4052
5570
9925
5453
5937
9670
699
2803
5460
6234
164
3182
2811
2217
395
9397
5696
4582
6296
9319
9606
2029
8592
9018
5262
4889
688
7827
5335
6892
4477
9387
8814
4402
1192
4751
4073
8243
3906
5885
829
422
9067
3640
2639
9462
9389
4688
4045
5685
4007
3
7714
8951
9021
9329
192
6061
3508
1879
9305
7985
1266
4471
2387
8810
9222
2812
7053
9480
5049
7882
9903
4116
7874
8894
3579
7263
9934
3976
9300
3941
3979
3367
2892
9352
9048
9436
5413
2556
1315
4719
6893
8933
5542
9280
7743
4765
8445
1148
597
3494
5382
500
3963
3256
5747
3894
6871
5681
7870
6172
5975
8201
5891
8867
7553
4939
8304
9318
3847
5971
389
740
4905
5932
6372
2648
7049
4817
149
7646
4664
5531
4499
4979
8788
246
8873
2011
2279
3095
8183
8254
1296
4074
3474
5201
5365
8130
4519
9212
4101
4909
9952
9006
7193
6325
8007
4242
7494
8156
1888
8510
3687
2739
3489
8827
2985
8714
839
1617
1809
5374
9871
9457
5801
9697
4658
1166
7827
5530
6731
8281
6791
3035
7287
3984
9360
5294
8226
3207
9802
6466
8069
3490
9206
1559
8669
8543
6625
9508
160
4787
4883
6384
4244
7036
6081
5255
8202
261
7137
1285
8542
3928
4321
2181
4264
33
3828
2490
3240
3630
5308
1310
3472
4514
9221
2142
3058
2198
8002
9570
6985
9237
2306
7582
6273
4740
9189
828
5001
6326
2113
9895
6606
2786
8428
870
2820
2256
9712
2412
2239
5020
74
5711
9535
9295
4205
8945
7846
2208
4867
4831
7797
7174
2413
4071
8266
7954
1251
9619
4280
9716
9514
7238
2503
4294
8108
1675
2903
4172
4087
5142
9193
4162
7205
5080
9809
1411
377
7655
9971
5244
8839
7768
8770
1252
1839
7036
9207
3090
6655
9839
2807
2521
3430
1662
6816
7890
3337
9719
2063
3776
1213
1256
7938
8418
2688
4100
9829
3065
8107
9800
4661
6946
7569
9784
4551
5760
3172
110
5203
9828
6301
4362
8701
9731
6024
1869
7622
5713
7940
6037
9489
9153
7293
3780
7572
6333
7880
3753
5750
2339
9906
6763
5638
3827
6547
6541
9587
9720
3003
1142
5900
9304
5504
4601
5388
1528
6471
9362
7241
4411
5399
6731
9917
9044
6863
7489
1729
4743
1242
7479
3434
7500
4242
9072
1327
790
1965
915
6862
4968
2057
2762
625
3914
3715
6013
1794
6538
1727
9036
950
7126
2119
7219
2522
8982
4708
4251
77
2302
1730
9863
9803
2324
8936
7482
3114
901
8397
6328
2222
6807
9090
2847
7073
9158
5212
8867
5696
6939
4255
2998
417
2726
217
2939
8060
1277
3542
8137
3580
1624
4353
9735
3948
3289
7217
3415
542
1967
9743
9116
5126
5186
1963
2199
4344
7175
1066
40
466
1674
9391
883
4400
9608
174
2461
886
3716
6950
818
1692
1303
6905
5641
944
474
9056
7839
2441
5151
6955
3919
337
8919
2470
1033
2446
9889
1074
2913
1563
6817
148
5963
6425
6675
4776
7311
391
1727
4481
8436
3030
1386
4077
3975
1861
9485
1814
654
4636
5121
4574
1326
392
3396
2359
2839
3285
9785
2104
1200
6602
8604
7164
3028
5279
1940
6691
2023
19
7525
459
3050
8911
4536
3377
7124
4021
1543
7779
5009
6664
8705
6335
7057
8453
8695
6248
1739
8480
4704
2939
1435
3308
6455
4463
8588
4748
7506
6963
4767
5031
7422
7817
295
8310
7546
7419
8683
9089
1550
3692
2106
6607
28
5515
5061
5075
8115
3152
9907
2819
6091
1342
2479
8899
2157
7419
3647
6016
4382
8414
1047
1804
2584
7694
6466
6482
1466
5149
1924
9368
8842
4030
5976
5222
5897
1037
297
4012
541
204
6831
6632
7899
9310
1883
56
6730
5530
6072
7464
297
3472
5621
9233
1166
2087
5715
8984
7237
7639
8353
6079
8021
4329
7653
3918
1718
7950
7930
2259
4506
1113
5243
2405
6776
7127
8814
9858
9009
4886
7322
5658
4710
2943
4891
2229
5031
6959
1213
8620
950
9566
1051
8972
247
8704
9242
8317
3006
3525
6928
3864
990
8524
6270
7766
2003
1436
7624
1012
2674
1299
6671
7385
594
7914
9614
1977
4873
7179
597
5824
3098
1648
1148
3345
6704
6742
8015
9710
267
1295
3575
7610
9819
6197
5376
1822
7633
9353
9187
307
7004
2210
4044
7598
124
10
9576
1350
7190
6525
7174
288
8174
4674
9985
1230
7768
8000
941
4388
5648
868
1998
5467
7065
7374
3642
1050
3079
9181
7709
83
1391
1754
4034
1515
1764
3610
2865
8954
6487
6391
5594
1013
7417
5580
2244
5186
9932
9537
9574
5580
405
1572
1048
3822
5298
1042
4872
4730
223
8933
1165
1614
687
5199
9481
8804
5161
8699
4110
1649
1442
9705
2662
8860
1637
1258
398
1569
795
9972
7150
1200
7896
4550
5022
9546
5592
6246
628
2167
5180
1794
3781
2219
3345
9614
7375
4859
8313
1486
6508
9756
7543
5522
4968
9180
6781
5366
749
3928
1690
4251
5129
9586
8801
6503
5484
745
2750
2465
2912
4282
4259
3045
6501
3956
2660
3877
8815
7325
1715
1675
3433
5610
3550
8401
4790
6683
3767
1891
611
1809
6143
2092
7747
1296
8596
3232
8394
7698
5697
1306
1980
6308
704
4833
264
9716
5062
5432
7041
6777
7107
6827
2387
657
5228
3529
7340
5348
1773
7952
7157
4268
44
4905
5564
4992
4489
3958
2690
6538
1617
1022
2846
2321
2208
9462
2037
7270
4894
5430
400
8354
2257
9139
9011
3838
2669
2704
5538
794
7008
2695
5062
7052
3952
6978
8397
8441
937
7439
1331
8906
8462
529
7579
670
9992
5968
4292
1238
7750
4692
5944
8
184
4956
198
2853
4012
5736
3647
1020
4783
5061
4424
8736
2039
2821
3529
9328
261
4861
8234
5075
5390
2165
2097
1734
8133
2741
2973
5884
7434
5269
2244
7618
225
2442
6823
589
4530
6822
1609
9313
1883
6034
8049
274
5207
7931
9603
1820
2792
4189
6895
4534
2707
5344
6269
840
8086
5594
3076
1872
863
5320
5842
7441
4114
2665
8030
4996
5839
9640
4310
4074
2026
8711
4348
7233
6642
303
5406
5786
845
8653
321
3552
3998
6590
744
2084
2184
3821
308
9399
5493
6150
6840
5960
5167
4871
956
1006
863
5266
1432
9241
330
2132
2826
6972
8788
8232
2759
9633
6886
9432
9537
884
6022
281
9320
4558
454
9628
3957
2300
2130
7150
8260
7297
8373
9216
4655
9236
835
6087
4829
1165
8219
7655
4489
7007
5888
3600
2992
9126
3032
2529
10
5406
9163
5682
9964
9617
1662
274
1917
3792
3776
6529
7441
2149
5746
2096
7737
2933
8183
2566
450
2754
221
1291
9762
2461
4892
9106
1587
4276
1636
7949
9683
7151
3631
5999
3120
1645
2625
5038
5437
6401
7919
9230
8550
17
1326
6287
2950
9509
8853
9752
8616
9075
1044
8378
1536
2288
3836
9476
6564
5472
7425
6247
2623
1057
8599
5744
2702
1224
7134
4492
7626
5053
3722
6176
5071
1401
2464
4373
7262
7669
4126
5878
3096
5170
608
985
7458
4445
461
374
6269
7886
2974
5245
8943
1573
989
7998
2797
4475
8842
6775
5880
8916
2952
7303
317
1768
8029
3932
5789
2155
9810
8886
3677
419
9871
7487
1216
332
7861
7485
8218
835
2730
3514
2408
71
7864
1558
4546
3058
8333
6779
1974
7637
434
8644
5757
8463
8928
1547
618
8738
433
647
5509
6656
8134
6725
6988
5996
4211
1558
3183
6941
5072
1944
7013
9288
3502
7911
2346
8187
4690
673
2177
5125
5669
4286
3588
4597
5833
559
9687
2618
1206
5197
9274
5693
1922
2614
1689
6133
4173
1224
3075
5597
3168
6440
1238
6670
4351
9936
1210
5394
609
9739
6871
2630
4025
6811
3579
6211
7370
3267
5181
4929
8464
808
622
6738
3422
8663
2872
3947
9887
2299
5897
3056
8739
7135
6078
9442
3423
3640
4836
385
3379
1707
3015
3757
8519
2947
9968
2241
6214
5149
7170
1030
5957
4144
7768
5732
9159
6992
6031
9047
9291
1928
8455
4382
5415
4533
3825
8839
4526
5013
9224
4257
6721
8591
8014
1592
1538
4334
3833
4104
5836
7356
1486
8145
7852
9255
229
7012
6247
6261
2411
1891
4541
866
6273
9957
1751
6450
5148
6277
1464
724
535
4537
9315
4901
6129
7206
5588
6314
7662
1424
22
9149
5921
7875
4756
6151
1239
7355
2412
3650
9246
6953
4516
1872
3262
2619
4674
4762
8897
6138
5486
5784
7027
1154
7037
3156
4712
2625
5823
2374
4049
2197
7875
6323
72
8983
2474
7663
6339
1238
7665
1937
4543
2181
161
4158
1153
4836
8920
50
974
4407
2186
8002
1913
9223
7510
6625
1849
9685
8999
2250
1883
3227
8573
8307
2210
7399
5971
8549
4989
3636
6839
5885
2170
7000
43
3323
1836
5315
9725
9163
6074
8263
3517
7987
7486
7379
4612
5687
7065
9964
7938
5300
9543
2863
3607
1753
6615
5930
6655
7956
5919
3494
3841
8089
6846
236
7764
8683
1904
3841
4198
7978
2104
4067
2318
5942
1446
6930
1630
4863
3246
5920
163
2789
5135
3771
895
8102
9701
7550
6059
1972
7396
6252
61
4242
2841
4177
9277
4745
4370
9827
9075
2826
3894
1393
8769
5341
4676
6751
6556
4274
9023
6720
7064
510
6843
7959
4965
2896
1861
1024
4869
9257
3628
1282
9851
2821
5460
9129
3918
6182
5308
2994
9009
9203
739
4130
896
5415
881
7452
9690
6256
524
3106
6766
7367
7417
8083
264
5630
9107
1485
4887
9088
2767
1090
8261
4579
6571
2180
762
1880
5174
6123
1083
2265
253
8331
7681
7486
2135
3723
3742
2660
3181
6860
27
598
4944
6643
6228
403
4480
7467
5843
7248
8557
4105
8179
5129
6285
8941
3361
7811
1416
796
76
1669
9127
4109
5507
1262
7832
9249
3922
7365
2462
302
7963
3758
3297
543
513
7778
8010
2709
1378
2920
6814
9557
4401
9451
4851
7762
3614
6267
8558
3690
4289
7685
4152
9796
5299
8336
5398
9222
5702
4212
5876
17
7970
9173
561
4835
3303
8571
7544
1033
7843
710
591
2244
161
1794
6
127
4413
4916
170
8702
8953
4322
4851
4253
2658
249
3475
4712
813
5703
4730
8783
1228
5291
9970
4532
214
3867
5565
8058
4577
2508
302
1091
654
6661
1218
5068
1577
1388
122
531
2062
4973
1136
1073
1574
4611
5785
2387
6666
6867
7522
7894
2158
7493
2426
8725
1360
4344
6783
2289
3204
3437
3380
3859
6450
951
8927
4380
8691
9049
1263
754
375
2399
8179
1949
3362
3964
689
28
7184
8211
7922
5694
2056
6701
4419
3416
7397
7554
5706
601
992
5438
812
3794
6389
6091
8174
5081
5141
9437
2187
1868
8188
366
169
1550
682
858
7930
7866
9070
5853
3561
1126
8906
4332
895
2655
1887
2953
9608
9231
8391
421
3025
1133
6512
7552
6214
8005
3341
4753
6225
1530
5119
6395
3080
5801
7253
1011
20
6323
3216
9933
7450
8474
4265
4697
7481
6152
7650
7089
1735
6041
7510
4761
7174
375
2313
9740
4732
5654
4493
958
3536
9612
7353
6617
1766
4606
3980
8138
7282
3548
8071
1084
8374
2336
5781
5855
4841
3431
2944
6576
5824
6807
7689
2999
3534
6354
9091
8266
8361
3585
5576
1897
9549
2929
4866
7667
3888
5198
5805
7522
5098
3876
8606
3472
2565
4387
5679
7406
4170
8624
3982
9994
1783
8024
9345
1669
4378
4789
9935
2739
4726
1864
4637
4275
1145
9503
8295
5033
1054
452
2555
6152
681
7513
9625
3246
8252
5304
652
2422
280
986
8769
8415
9010
4466
84
3389
9255
6372
2480
3981
8236
7117
4609
9381
2973
2904
767
4027
3356
9674
6531
4037
7188
6156
3635
5440
7813
639
4215
8093
7978
2984
6509
6988
7450
2945
6729
6706
9317
5562
7039
7553
2679
1648
3287
2004
4552
4054
2383
4261
3728
8915
4650
7268
1423
8286
9061
9236
8925
3276
3682
6903
2612
6543
244
6414
9488
3325
9472
8806
8887
6512
2711
7919
8160
5998
6275
2713
52
8659
3326
133
3926
7976
3753
5349
2614
2814
938
1540
2442
972
4795
1406
7515
1391
7821
3355
4717
7293
8513
3604
3805
1225
7875
8318
7223
4151
7383
3628
9162
709
113
3088
8685
218
4789
1300
3033
5727
9192
1827
3051
339
3234
566
1731
7407
3922
6448
4700
8787
6404
4858
12
632
3176
3588
4783
6911
3568
297
7620
33
3385
2657
251
4526
309
9636
6606
5853
1464
9657
6193
1050
6576
7924
8457
6850
724
9509
5637
7128
719
5650
4112
247
5590
8895
7158
9158
9192
4778
9191
8929
3788
9442
9808
4097
5431
6414
9951
6895
2423
6144
4297
8999
420
2754
5849
1144
8615
1487
4624
9335
3489
8737
9582
9079
3984
3093
8237
9529
4223
3780
4810
8011
3222
4618
2109
8653
7384
8412
1900
9808
4556
6197
5159
1328
5303
1009
2472
3919
8848
3448
9606
2337
8537
5540
1416
2522
8633
6005
2051
2857
9785
3213
868
9359
7832
9329
8013
1568
7741
6265
7728
8649
8815
2888
9977
4118
249
8801
4389
9097
8602
347
7786
7139
5888
5554
6013
873
1559
4416
82
7696
7630
7303
7055
1814
6632
1420
3382
726
4038
1111
9375
2853
351
5705
3323
600
858
4065
6049
9460
4412
187
2952
6652
5741
8965
3878
3652
3382
3960
1348
1012
1263
4755
9178
4248
6176
2560
4974
214
23
701
3067
374
6406
2742
7326
7265
6807
3375
3077
7572
3562
6029
576
9303
4995
4454
9307
4729
4767
655
2093
6030
5411
1271
6630
7939
183
1604
4505
207
2306
7572
6933
5064
6666
4260
2329
3474
7635
1759
1046
7550
7788
1622
3205
9135
2429
2513
216
7196
9520
2309
9578
1283
9932
6209
5574
116
4165
79
6675
2823
7651
3608
7888
4318
4220
6569
4144
8208
8328
1542
5758
2469
9516
8963
7956
1945
7828
8173
9141
3701
482
8720
4984
415
1281
559
6883
5446
638
3558
4622
4642
3518
2510
5312
7739
5431
5808
5947
112
7350
8057
2581
6866
3372
6889
8812
7553
5062
4305
1254
1897
9377
2590
2312
658
9501
5547
2457
140
5457
7079
1134
8975
5941
2798
3066
7724
8606
5365
7836
5956
3422
6769
9174
6795
3659
7986
4348
8721
8644
1954
618
8021
4544
9282
8680
4046
1181
7489
538
6638
920
8024
1966
6861
822
5032
4585
5780
398
8774
1736
172
5543
7262
3319
9202
1601
4019
7924
245
5973
4894
8266
6870
529
3298
916
1710
787
7806
8349
8059
5830
315
4920
6652
1699
5858
2432
2097
4632
520
8622
6527
4134
1941
5730
5735
5961
6
5980
8286
4900
599
5156
1781
249
2424
3492
1037
230
1841
9096
6060
8508
369
9064
207
2579
7848
8657
3563
4720
7279
90
8855
5572
5820
4590
7885
2178
6923
6172
3431
3874
7680
5212
4123
105
8704
1512
6687
6897
6961
2748
5405
7330
8164
1965
6261
6013
622
9824
733
4253
9914
9588
9825
2087
531
4063
4265
7454
235
7696
1328
4267
2909
5451
4372
7965
6964
7412
4863
277
160
268
7607
4676
2233
220
689
9207
44
7775
3460
6310
3715
9638
8397
4246
3701
9015
8052
288
3063
5732
4555
5972
7536
5280
290
852
2692
5153
1129
9204
1773
5088
232
359
5308
922
9566
5352
5049
9379
1662
8764
5369
6412
9363
5422
1779
7415
5710
4842
9500
6617
7167
7036
8249
7457
7888
7293
2610
9017
2849
735
4105
3082
1094
9413
356
7013
1117
5405
6392
9131
521
8113
1895
9884
3535
3674
3652
5597
4869
3152
8566
2036
188
3168
9493
4428
461
8455
9797
9663
9190
254
2745
285
6019
3101
3650
7136
4858
42
2619
5379
4507
4515
1616
8042
4541
1620
9991
9410
4772
8557
1446
1312
1725
7291
5740
8539
5746
1889
8202
1289
2143
7299
7926
8162
400
1576
1650
1610
7970
4269
3341
2477
5136
1309
6871
6030
2929
6862
5440
7701
1771
3239
5365
9849
530
7457
8388
2629
9346
6590
270
7841
3889
8196
6003
641
6124
4005
8603
4094
8275
1944
6571
9763
3254
9794
5793
6183
3008
7586
237
4779
825
5602
4628
7707
3060
3016
336
8758
5958
606
6600
6199
5154
8955
3192
1278
2961
1795
5372
7588
92
8295
7351
9698
4441
9497
2233
7449
7083
2470
2229
7908
4425
6857
5615
3837
6226
2304
8947
8536
9262
5547
1088
4417
4503
4280
2047
3816
2428
3772
1404
8872
2067
5107
4922
6509
4604
7155
310
8039
5978
2539
2299
6755
5749
4267
592
8327
6571
9539
6863
2185
1439
4303
2954
2294
8584
5002
6110
7364
8774
7514
2588
7193
8973
7510
54
9930
4665
365
7969
643
9256
269
7398
1357
4536
4342
9684
7459
234
2900
5996
8025
7203
8951
319
2139
305
2781
9503
9079
6647
2091
2624
5620
9601
2679
5550
619
9396
3520
7614
5004
141
5013
6362
1029
5707
6046
4840
2293
8946
836
318
2502
6139
637
4641
6444
3418
497
1875
65
2588
4500
2038
8542
3531
7588
9161
9279
7460
6775
4283
3953
8140
645
4982
200
3044
6174
2493
8342
7011
2812
844
9502
9801
5486
5947
9572
5983
7822
5989
4923
8674
8027
3465
8557
1968
8978
7836
5780
2106
8472
9734
6598
9117
4716
6798
2161
7243
5644
504
4254
4808
7700
3756
961
3186
6055
533
5521
230
2875
445
8904
7254
262
7462
9222
9241
1650
5003
7699
122
1089
4297
5592
2157
7448
4105
9400
9444
961
3654
4252
8662
3763
5213
1848
6170
2099
7370
6400
4974
4167
5305
8580
4429
9119
4155
22
769
9158
4073
7244
6599
4723
2836
8756
2171
6941
8157
7967
7903
8163
2219
6565
1926
3784
4765
4449
2235
8487
849
7209
9006
6154
2142
3436
1625
6297
9810
8747
1807
3884
5991
8406
8607
8827
7162
7130
5768
5319
5097
23
3483
3668
2940
1761
3804
4058
2562
6040
8897
3412
9601
7904
5918
1743
1340
7544
8040
7502
6291
6199
1386
2282
4605
6345
7461
8120
9827
9581
3439
1276
9605
3274
4944
8897
1388
5101
2955
3950
1141
1853
7362
742
9757
9633
8838
7449
7177
3230
4951
9820
9430
2690
8454
4035
9035
5915
2155
8863
1848
1947
139
1453
1573
1436
6703
2961
6537
6010
3264
4030
7863
6978
4772
3972
6611
9962
7773
140
3193
2725
9960
2623
1767
4766
3010
7154
7033
1518
6017
8882
9817
2509
6687
1390
297
3390
704
3186
9401
3968
7216
3616
946
8340
3941
3910
8303
1714
4050
7848
791
363
471
2558
1481
9833
9713
8515
1351
2082
7397
1168
943
4084
8911
1240
3827
9615
4426
3228
9935
7994
3196
7233
6335
7137
1143
990
8852
1546
8838
9643
8261
5661
8554
9742
5494
8267
4609
3198
6701
2006
718
7645
2443
9629
5237
6270
9244
6016
9498
9179
4010
2694
2765
345
6184
3908
7687
5036
1806
6525
1031
67
2186
9585
6162
4033
4204
771
7231
7258
2778
7949
4903
1573
7579
140
7843
3175
6156
3693
8707
6519
6387
1472
3216
2571
1732
904
3959
3539
7429
4991
9958
5968
928
6120
1
1485
3244
7232
8743
2374
1533
3646
3947
5464
138
1790
8640
2647
5483
3699
9166
8222
5171
8734
7146
6903
9638
1105
6794
3420
2448
6753
9388
3377
9225
5741
1214
2469
9325
9957
1195
858
9955
5142
6323
6445
6932
1315
9092
2415
5014
4610
6990
185
3345
4136
3440
9335
1593
6587
2755
4042
9692
8495
3771
5269
4236
4985
4091
3561
1294
5286
772
1249
429
3447
7694
7361
4762
3139
6129
6128
4101
9471
6313
3798
3607
6105
3134
5200
9044
5889
5594
8736
4385
5717
4006
4973
7054
8097
4887
8348
3383
2011
9597
164
5458
3644
3878
6572
6783
6359
2700
884
5830
5365
4683
5789
7822
4169
7341
6867
58
2936
5603
795
5005
5961
2121
2060
4058
3360
408
3794
5371
6
3958
7181
2
4188
3753
6785
547
6453
4021
6377
8170
5056
2166
5992
9225
9508
2859
5636
8796
8463
2783
3801
776
4904
5861
4835
8264
2622
4981
3635
8980
5291
816
8982
9480
921
2119
6379
3726
6140
2757
1896
1197
1275
7889
6774
7135
748
2410
2283
5563
5194
6085
6340
6450
8298
7527
4715
920
8860
4702
9900
4151
1871
5234
9983
2792
7353
6363
6519
3494
5472
8415
1043
3099
2656
4169
235
9757
6580
8870
1672
8126
1307
4364
4576
5958
1891
5643
6878
7103
346
3131
7607
8569
4717
7590
1361
2071
305
4232
5565
2129
9000
2960
5229
1656
7129
1816
7765
61
686
9438
8187
1994
3802
9116
4304
2046
4759
1182
9149
1457
665
3108
26
5383
699
7740
7454
7356
1972
9371
9486
7324
8683
1067
5333
2164
2883
3098
2226
9921
2536
413
8267
2691
5881
2571
4737
641
106
238
8450
771
3347
8477
2506
398
2569
6312
7754
893
2035
3592
8218
718
4659
3551
9235
3894
6649
1461
3816
5538
8226
2083
8229
4108
1007
2966
1101
1113
9556
9551
8236
2903
4380
743
3301
6949
3407
7408
7843
5443
7352
2413
2513
2012
5964
1748
2258
8965
9561
2426
4503
7788
862
2732
8248
1869
2050
9349
2982
1607
5252
1218
4510
5985
8313
4164
2934
8073
1572
7129
9868
8924
9542
2381
7288
1858
482
5899
824
6395
8325
5327
4183
9187
4412
8783
1056
6462
4484
390
4421
9737
7961
5284
5722
2626
9448
5008
699
7372
8490
567
2648
8032
9301
6289
9891
6135
2188
7067
2530
513
2394
3066
6053
6806
8201
3461
9621
2686
3852
394
8775
8165
5678
849
791
1478
5857
7843
5202
4347
4762
4203
8732
415
492
4975
6550
2680
2042
5433
9545
788
4851
5598
7595
3052
9060
3568
2090
9264
314
865
7429
2345
1714
4572
175
7572
8767
5378
8271
3530
5933
3355
297
6425
8330
6848
5457
372
8633
1354
1161
3484
3305
5108
2888
2365
5028
4979
7981
5342
5844
1762
4039
3911
2686
4215
1483
1454
5945
6106
1336
1878
9462
1633
4655
4144
4833
112
4517
9818
7818
2030
3302
1123
3490
2543
9840
4870
3874
7821
6564
9718
5935
604
3629
8622
1171
1464
6428
7116
3923
4116
8994
3385
5749
3649
7529
6935
113
8398
6753
7931
6780
6408
5407
6622
8951
5247
1492
2825
3069
4409
8895
5356
5013
8877
3978
6184
6693
6758
9652
616
874
8646
353
2976
8647
4235
9911
5112
2633
6664
9395
5766
3072
4802
2388
8375
50
233
7552
9471
994
2800
4827
6007
1677
5158
8543
8370
8268
4547
8987
9143
3193
9340
2119
8192
9927
2030
9656
2561
5046
9051
4679
4471
206
3419
9198
6608
3652
6751
6079
998
9551
7258
7005
7580
8768
1900
5950
7037
6447
1289
6180
5992
6982
4651
536
6909
6681
6544
5822
8079
1948
501
8902
2154
3921
8101
8762
3925
4852
4841
4924
755
8451
8281
8335
7220
6534
637
4257
9333
8279
6789
1678
5261
1440
2214
8522
4473
8759
4345
2552
707
1198
1455
9213
1471
9556
7975
1749
760
9168
3025
7867
3971
7658
2554
1191
4192
9543
1800
9878
7822
8589
1556
9435
29
3770
7958
4502
8881
8655
7055
5940
6205
4862
5153
7677
770
9480
5778
7882
8648
8803
5749
2620
2813
4655
163
7006
4198
1964
3236
2021
553
4792
7808
6935
4914
5766
1437
3796
773
4844
6088
6979
9706
1242
1008
6828
7074
6786
4710
5723
1941
6811
4695
4754
1466
1210
8112
5665
3174
1348
4038
80
6140
1846
7015
1055
3965
8452
1203
4738
9649
7291
8069
5707
4885
9077
2536
1960
2215
7246
4035
4156
4058
5082
8911
5524
6292
3375
7541
5819
4724
1579
5899
864
9778
2914
8271
3743
7718
5826
4833
7367
3118
2903
3075
4355
8332
1963
6315
548
9209
6702
1056
9619
1784
6319
1496
4429
9695
9037
248
4419
6969
6147
1635
3099
5413
6259
6842
9483
2085
8027
3203
1555
930
2630
2263
5615
4593
4930
2515
154
1633
3571
6126
9769
6243
7622
4198
5938
3011
4446
6709
6332
6945
4696
9431
8710
7307
2625
8194
5745
653
7749
3652
1583
379
5915
3550
1324
7198
6065
1478
8831
5989
7604
4952
2232
1578
9151
4522
4590
9949
7583
922
6895
8631
6706
5605
5939
9331
151
8036
9984
7900
1688
7920
4631
3956
1470
5955
1154
3888
7434
6337
9877
1390
1289
8461
2969
440
2983
7559
390
6918
4833
3637
5549
7891
5594
7840
7223
5746
5876
3559
9998
3917
1479
4630
4225
9302
585
5379
3190
4371
1716
9419
5762
3005
7880
8731
9798
7215
2642
188
4133
3827
177
6034
1719
5771
227
5294
7869
2455
8853
7868
6372
6685
8850
597
5987
5787
2328
5529
159
4044
1300
2273
3402
9180
7356
3200
2747
9998
9740
6880
177
6269
9266
1896
2040
9493
3542
9910
1949
2396
4130
8321
5433
2980
5271
7772
5119
3951
3301
5278
7996
4601
3903
7750
133
1259
7302
2880
7609
3394
6112
7787
9663
5378
6035
8055
4872
9578
4317
6821
8326
8447
1494
3759
7779
3117
1531
2899
7069
1184
4529
1417
2137
8433
5519
2270
6044
2821
1502
3654
6215
7614
7793
2230
9344
3828
285
568
9758
4603
7389
8084
3050
5236
1843
7182
4705
9726
81
1774
910
962
9543
3047
9395
5062
5317
1792
7883
3171
5446
450
7137
3239
2680
6482
3419
2966
7050
3178
3921
792
7614
3323
2380
9458
505
7085
9184
6938
5212
6447
7901
1107
9494
3648
6170
1164
5440
405
4335
7238
856
7825
477
9888
4307
249
9206
7709
3427
3127
4853
1041
6451
3585
6851
3308
671
2388
247
2235
8835
4500
3342
4681
4500
5864
5845
6293
6270
6533
3531
3478
4358
361
9718
5017
610
8925
9078
389
8404
3932
7782
1207
7517
986
4516
4540
3374
1115
3127
8561
5615
2822
9594
115
5038
5440
6408
7660
8325
6292
1138
2683
6653
7209
4052
3615
2486
3130
4004
890
3414
1786
2098
7284
2772
2966
1824
2498
4081
1304
7411
6048
4126
7006
2515
5516
8798
5276
3177
7123
1568
4315
6158
4573
7876
6562
8188
362
9692
2192
1253
3107
330
9703
6743
9455
9021
8567
8305
3102
6223
5717
5502
6701
9075
8017
2218
7873
9645
5395
1348
7565
6062
7506
2138
3939
420
6678
4301
112
5222
1906
9571
5553
7961
6314
1360
6982
1234
9665
84
7457
5382
1938
4159
809
6308
2729
8682
5953
8124
6382
3519
4186
3888
2009
8125
660
8688
8779
773
3910
685
6696
5815
8647
9363
7175
5629
6949
6841
2066
758
8575
4004
1269
9385
6664
3998
4419
2618
2122
802
6137
6309
1042
4498
786
1703
3186
9565
8828
7097
6603
1876
2912
1602
1239
6440
3583
4540
9633
2001
5299
4560
2358
6568
297
9022
567
4717
1640
2689
1871
4129
5350
9265
8628
2489
7320
1814
8406
6148
5263
5009
4377
4528
2963
1968
7320
6547
6509
6953
4900
1808
1513
7258
4728
1811
6281
5295
2880
7921
4337
1103
8403
6039
368
7031
8528
7689
5197
6935
189
6813
8296
4566
1341
7612
6535
5013
511
3044
1966
5411
1204
9831
2670
5932
7994
8951
7580
874
3224
8269
8329
1627
660
8698
5010
9189
2739
208
2476
2928
3373
7124
3847
1066
1088
382
6079
1599
9778
8045
7011
7334
7876
9681
9618
2223
4984
3550
3097
8208
8171
7779
9836
8832
2829
4846
4373
5568
1406
3201
4848
4779
325
8695
5845
7766
5429
1924
9365
1559
6321
6376
8893
550
2409
4864
2773
7393
8414
2222
5602
6586
1
5438
1770
2830
6636
6143
4750
4395
9344
9599
5526
6021
4646
1372
3787
76
9648
3153
1635
2322
5881
6881
2872
8291
8097
1997
5684
6511
4219
1286
9449
573
3076
1219
3403
6065
7362
8154
460
3058
4105
5986
9080
8751
3710
9219
8827
3359
2372
6815
2033
8254
48
4905
2897
8145
6902
8581
1008
7473
9868
458
8046
9296
8029
7802
5361
1744
5956
2173
4802
6413
8160
234
5164
8222
5806
3992
7933
4530
7159
9966
9136
7207
1223
2033
1704
4477
615
2712
1951
6835
9522
6349
6131
7552
4151
7845
5648
6459
18
6802
2872
4530
3389
8037
2753
9195
8381
7038
3725
5540
7005
2862
9099
8228
4895
7155
2706
5510
9867
1009
8697
5742
7358
4829
9646
7862
2674
5294
4321
9044
2096
7194
3575
1837
5231
2680
1032
9964
9718
4758
1856
3075
3972
955
1304
8867
4462
362
730
4329
7723
9427
6423
1433
608
6069
9295
9634
1363
3617
8679
9812
811
8606
1649
2394
7638
9034
2358
3708
3792
4214
6784
7764
1521
4440
2983
5983
1154
3713
6664
8877
9493
3088
310
101
9157
5958
6088
6873
9575
4767
6685
6738
9725
4686
9132
3715
3720
7842
7423
3864
2056
4207
7980
3577
4999
964
5912
6153
1029
2576
1382
522
2016
8045
6976
1174
4003
3064
