492
952
666
210
450
919
707
793
635
220
903
522
254
588
802
928
148
180
749
26
134
530
987
533
336
631
471
593
602
899
91
94
203
757
656
5
28
363
799
664
935
54
538
541
642
692
470
143
873
219
169
359
101
508
892
437
140
363
30
742
614
474
188
818
231
844
175
260
559
974
276
847
381
814
388
23
506
858
518
731
429
688
90
530
196
983
967
336
698
350
430
313
824
618
483
407
814
10
19
726
985
295
573
366
461
313
741
320
524
260
51
953
300
142
484
496
125
803
185
175
153
967
840
329
938
675
737
752
686
756
830
671
404
755
389
217
69
482
537
593
94
589
898
746
83
382
243
560
538
780
735
691
747
576
373
685
251
110
790
937
218
620
960
974
376
701
192
797
184
729
742
630
670
640
377
753
375
972
313
913
752
49
956
499
977
681
185
228
791
975
166
362
947
478
336
675
180
528
824
716
610
566
346
632
559
75
386
286
47
51
551
151
452
859
651
429
541
188
10
684
515
528
46
814
6
735
490
186
615
314
902
577
233
601
210
144
676
948
430
76
999
981
227
804
192
230
585
733
770
595
418
637
123
816
452
482
903
294
20
519
608
923
448
193
876
658
337
904
606
767
980
958
100
560
762
293
790
347
378
913
943
796
550
418
965
2
252
868
296
273
739
257
196
188
450
424
846
788
328
805
907
661
763
8
221
525
653
363
224
31
628
519
180
179
290
145
181
542
365
830
815
105
87
363
645
889
787
843
29
468
648
937
129
763
297
702
640
950
417
217
333
46
736
513
225
26
10
758
569
728
940
384
185
379
100
830
269
887
25
298
355
26
235
836
789
532
890
782
834
308
999
520
706
735
385
283
114
396
393
683
124
334
419
309
713
519
491
982
759
516
633
114
542
868
303
684
753
193
466
939
853
465
459
911
552
845
546
666
593
940
701
69
274
121
730
339
640
221
674
399
89
307
866
984
527
521
668
280
66
486
572
272
951
383
183
855
228
730
522
173
22
223
242
296
696
972
987
337
545
661
88
987
968
306
971
496
179
639
128
246
125
700
518
428
84
53
283
664
135
157
190
157
733
432
805
429
757
793
118
654
454
559
641
775
865
964
271
397
955
399
643
432
452
513
860
888
566
496
904
54
5
94
211
738
527
369
168
636
514
638
290
968
197
284
95
415
248
366
812
204
118
455
636
570
320
849
810
886
697
714
292
702
809
856
793
688
225
313
324
739
951
966
59
149
602
155
564
851
873
728
407
991
183
395
913
503
244
723
741
293
790
34
348
951
242
141
639
467
806
315
558
757
633
969
258
236
476
174
439
350
902
846
693
437
593
959
940
190
34
34
483
824
420
831
775
662
324
766
481
130
433
391
240
67
712
498
303
189
25
94
891
927
940
936
365
885
895
657
75
930
691
559
106
463
742
234
125
419
0
958
901
434
349
493
853
62
992
508
603
369
602
494
296
894
782
661
779
678
319
855
960
362
414
66
826
508
300
951
279
653
262
181
439
611
674
292
25
18
800
628
387
402
474
684
296
257
697
75
287
368
930
247
731
696
313
557
557
966
860
836
971
122
17
410
86
44
702
111
62
502
92
802
256
566
838
552
175
535
979
462
904
262
61
987
958
727
896
867
693
108
704
664
231
73
74
669
469
128
780
532
630
224
686
238
791
524
790
318
411
769
133
667
31
194
654
342
921
550
209
966
659
265
982
242
691
408
911
160
536
43
44
518
268
730
756
411
606
546
81
18
668
214
685
51
409
340
393
682
242
955
649
253
572
631
847
263
40
110
424
928
154
468
447
774
551
203
537
157
102
970
175
122
185
861
173
946
553
919
628
147
226
277
753
798
261
600
414
653
711
190
581
217
10
28
343
561
584
232
719
38
202
246
160
739
459
685
685
364
956
666
512
534
295
617
685
556
217
99
209
280
289
791
849
299
171
192
213
755
776
284
145
331
530
305
70
990
343
108
706
651
774
570
186
69
187
871
978
757
322
187
37
963
330
887
614
502
431
179
609
208
463
755
539
994
412
961
336
107
69
42
759
195
965
297
265
152
520
595
909
194
134
299
157
465
186
123
319
969
303
280
177
766
387
68
112
800
382
800
259
451
195
18
647
160
667
264
664
187
211
574
733
345
873
890
810
411
366
481
380
669
114
910
787
501
330
252
653
712
52
913
164
599
283
163
759
951
779
424
490
990
350
224
335
575
466
498
986
832
331
718
853
445
980
993
299
311
245
952
23
649
865
539
601
501
54
712
452
185
136
294
