1
2
3
4
5
6
7
8
9
10
11
12
13
14
15
16
17
18
19
20
21
22
23
24
25
26
27
28
29
30
31
32
33
34
35
36
37
38
39
40
41
42
43
44
45
46
47
48
49
50
51
52
53
54
55
56
57
58
59
60
61
62
63
64
65
66
67
68
69
70
71
72
73
74
75
76
77
78
79
80
81
82
83
84
85
86
87
88
89
90
91
92
93
94
95
96
97
98
99
100
101
102
103
104
105
106
107
108
109
110
111
112
113
114
115
116
117
118
119
120
121
122
123
124
125
126
127
128
129
130
131
132
133
134
135
136
137
138
139
140
141
142
143
144
145
146
147
148
149
150
151
152
153
154
155
156
157
158
159
160
161
162
163
164
165
166
167
168
169
170
171
172
173
174
175
176
177
178
179
180
181
182
183
184
185
186
187
188
189
190
191
192
193
194
195
196
197
198
199
200
201
202
203
204
205
206
207
208
209
210
211
212
213
214
215
216
217
218
219
220
221
222
223
224
225
226
227
228
229
230
231
232
233
234
235
236
237
238
239
240
241
242
243
244
245
246
247
248
249
250
251
252
253
254
255
256
257
258
259
260
261
262
263
264
265
266
267
268
269
270
271
272
273
274
275
276
277
278
279
280
281
282
283
284
285
286
287
288
289
290
291
292
293
294
295
296
297
298
299
300
301
302
303
304
305
306
307
308
309
310
311
312
313
314
315
316
317
318
319
320
321
322
323
324
325
326
327
328
329
330
331
332
333
334
335
336
337
338
339
340
341
342
343
344
345
346
347
348
349
350
351
352
353
354
355
356
357
358
359
360
361
362
363
364
365
366
367
368
369
370
371
372
373
374
375
376
377
378
379
380
381
382
383
384
385
386
387
388
389
390
391
392
393
394
395
396
397
398
399
400
401
402
403
404
405
406
407
408
409
410
411
412
413
414
415
416
417
418
419
420
421
422
423
424
425
426
427
428
429
430
431
432
433
434
435
436
437
438
439
440
441
442
443
444
445
446
447
448
449
450
451
452
453
454
455
456
457
458
459
460
461
462
463
464
465
466
467
468
469
470
471
472
473
474
475
476
477
478
479
480
481
482
483
484
485
486
487
488
489
490
491
492
493
494
495
496
497
498
499
500
501
502
503
504
505
506
507
508
509
510
511
512
513
514
515
516
517
518
519
520
521
522
523
524
525
526
527
528
529
530
531
532
533
534
535
536
537
538
539
540
541
542
543
544
545
546
547
548
549
550
551
552
553
554
555
556
557
558
559
560
561
562
563
564
565
566
567
568
569
570
571
572
573
574
575
576
577
578
579
580
581
582
583
584
585
586
587
588
589
590
591
592
593
594
595
596
597
598
599
600
601
602
603
604
605
606
607
608
609
610
611
612
613
614
615
616
617
618
619
620
621
622
623
624
625
626
627
628
629
630
631
632
633
634
635
636
637
638
639
640
641
642
643
644
645
646
647
648
649
650
651
652
653
654
655
656
657
658
659
660
661
662
663
664
665
666
667
668
669
670
671
672
673
674
675
676
677
678
679
680
681
682
683
684
685
686
687
688
689
690
691
692
693
694
695
696
697
698
699
700
701
702
703
704
705
706
707
708
709
710
711
712
713
714
715
716
717
718
719
720
721
722
723
724
725
726
727
728
729
730
731
732
733
734
735
736
737
738
739
740
741
742
743
744
745
746
747
748
749
750
751
752
753
754
755
756
757
758
759
760
761
762
763
764
765
766
767
768
769
770
771
772
773
774
775
776
777
778
779
780
781
782
783
784
785
786
787
788
789
790
791
792
793
794
795
796
797
798
799
800
801
802
803
804
805
806
807
808
809
810
811
812
813
814
815
816
817
818
819
820
821
822
823
824
825
826
827
828
829
830
831
832
833
834
835
836
837
838
839
840
841
842
843
844
845
846
847
848
849
850
851
852
853
854
855
856
857
858
859
860
861
862
863
864
865
866
867
868
869
870
871
872
873
874
875
876
877
878
879
880
881
882
883
884
885
886
887
888
889
890
891
892
893
894
895
896
897
898
899
900
901
902
903
904
905
906
907
908
909
910
911
912
913
914
915
916
917
918
919
920
921
922
923
924
925
926
927
928
929
930
931
932
933
934
935
936
937
938
939
940
941
942
943
944
945
946
947
948
949
950
951
952
953
954
955
956
957
958
959
960
961
962
963
964
965
966
967
968
969
970
971
972
973
974
975
976
977
978
979
980
981
982
983
984
985
986
987
988
989
990
991
992
993
994
995
996
997
998
999
1000
1001
1002
1003
1004
1005
1006
1007
1008
1009
1010
1011
1012
1013
1014
1015
1016
1017
1018
1019
1020
1021
1022
1023
1024
1025
1026
1027
1028
1029
1030
1031
1032
1033
1034
1035
1036
1037
1038
1039
1040
1041
1042
1043
1044
1045
1046
1047
1048
1049
1050
1051
1052
1053
1054
1055
1056
1057
1058
1059
1060
1061
1062
1063
1064
1065
1066
1067
1068
1069
1070
1071
1072
1073
1074
1075
1076
1077
1078
1079
1080
1081
1082
1083
1084
1085
1086
1087
1088
1089
1090
1091
1092
1093
1094
1095
1096
1097
1098
1099
1100
1101
1102
1103
1104
1105
1106
1107
1108
1109
1110
1111
1112
1113
1114
1115
1116
1117
1118
1119
1120
1121
1122
1123
1124
1125
1126
1127
1128
1129
1130
1131
1132
1133
1134
1135
1136
1137
1138
1139
1140
1141
1142
1143
1144
1145
1146
1147
1148
1149
1150
1151
1152
1153
1154
1155
1156
1157
1158
1159
1160
1161
1162
1163
1164
1165
1166
1167
1168
1169
1170
1171
1172
1173
1174
1175
1176
1177
1178
1179
1180
1181
1182
1183
1184
1185
1186
1187
1188
1189
1190
1191
1192
1193
1194
1195
1196
1197
1198
1199
1200
1201
1202
1203
1204
1205
1206
1207
1208
1209
1210
1211
1212
1213
1214
1215
1216
1217
1218
1219
1220
1221
1222
1223
1224
1225
1226
1227
1228
1229
1230
1231
1232
1233
1234
1235
1236
1237
1238
1239
1240
1241
1242
1243
1244
1245
1246
1247
1248
1249
1250
1251
1252
1253
1254
1255
1256
1257
1258
1259
1260
1261
1262
1263
1264
1265
1266
1267
1268
1269
1270
1271
1272
1273
1274
1275
1276
1277
1278
1279
1280
1281
1282
1283
1284
1285
1286
1287
1288
1289
1290
1291
1292
1293
1294
1295
1296
1297
1298
1299
1300
1301
1302
1303
1304
1305
1306
1307
1308
1309
1310
1311
1312
1313
1314
1315
1316
1317
1318
1319
1320
1321
1322
1323
1324
1325
1326
1327
1328
1329
1330
1331
1332
1333
1334
1335
1336
1337
1338
1339
1340
1341
1342
1343
1344
1345
1346
1347
1348
1349
1350
1351
1352
1353
1354
1355
1356
1357
1358
1359
1360
1361
1362
1363
1364
1365
1366
1367
1368
1369
1370
1371
1372
1373
1374
1375
1376
1377
1378
1379
1380
1381
1382
1383
1384
1385
1386
1387
1388
1389
1390
1391
1392
1393
1394
1395
1396
1397
1398
1399
1400
1401
1402
1403
1404
1405
1406
1407
1408
1409
1410
1411
1412
1413
1414
1415
1416
1417
1418
1419
1420
1421
1422
1423
1424
1425
1426
1427
1428
1429
1430
1431
1432
1433
1434
1435
1436
1437
1438
1439
1440
1441
1442
1443
1444
1445
1446
1447
1448
1449
1450
1451
1452
1453
1454
1455
1456
1457
1458
1459
1460
1461
1462
1463
1464
1465
1466
1467
1468
1469
1470
1471
1472
1473
1474
1475
1476
1477
1478
1479
1480
1481
1482
1483
1484
1485
1486
1487
1488
1489
1490
1491
1492
1493
1494
1495
1496
1497
1498
1499
1500
1501
1502
1503
1504
1505
1506
1507
1508
1509
1510
1511
1512
1513
1514
1515
1516
1517
1518
1519
1520
1521
1522
1523
1524
1525
1526
1527
1528
1529
1530
1531
1532
1533
1534
1535
1536
1537
1538
1539
1540
1541
1542
1543
1544
1545
1546
1547
1548
1549
1550
1551
1552
1553
1554
1555
1556
1557
1558
1559
1560
1561
1562
1563
1564
1565
1566
1567
1568
1569
1570
1571
1572
1573
1574
1575
1576
1577
1578
1579
1580
1581
1582
1583
1584
1585
1586
1587
1588
1589
1590
1591
1592
1593
1594
1595
1596
1597
1598
1599
1600
1601
1602
1603
1604
1605
1606
1607
1608
1609
1610
1611
1612
1613
1614
1615
1616
1617
1618
1619
1620
1621
1622
1623
1624
1625
1626
1627
1628
1629
1630
1631
1632
1633
1634
1635
1636
1637
1638
1639
1640
1641
1642
1643
1644
1645
1646
1647
1648
1649
1650
1651
1652
1653
1654
1655
1656
1657
1658
1659
1660
1661
1662
1663
1664
1665
1666
1667
1668
1669
1670
1671
1672
1673
1674
1675
1676
1677
1678
1679
1680
1681
1682
1683
1684
1685
1686
1687
1688
1689
1690
1691
1692
1693
1694
1695
1696
1697
1698
1699
1700
1701
1702
1703
1704
1705
1706
1707
1708
1709
1710
1711
1712
1713
1714
1715
1716
1717
1718
1719
1720
1721
1722
1723
1724
1725
1726
1727
1728
1729
1730
1731
1732
1733
1734
1735
1736
1737
1738
1739
1740
1741
1742
1743
1744
1745
1746
1747
1748
1749
1750
1751
1752
1753
1754
1755
1756
1757
1758
1759
1760
1761
1762
1763
1764
1765
1766
1767
1768
1769
1770
1771
1772
1773
1774
1775
1776
1777
1778
1779
1780
1781
1782
1783
1784
1785
1786
1787
1788
1789
1790
1791
1792
1793
1794
1795
1796
1797
1798
1799
1800
1801
1802
1803
1804
1805
1806
1807
1808
1809
1810
1811
1812
1813
1814
1815
1816
1817
1818
1819
1820
1821
1822
1823
1824
1825
1826
1827
1828
1829
1830
1831
1832
1833
1834
1835
1836
1837
1838
1839
1840
1841
1842
1843
1844
1845
1846
1847
1848
1849
1850
1851
1852
1853
1854
1855
1856
1857
1858
1859
1860
1861
1862
1863
1864
1865
1866
1867
1868
1869
1870
1871
1872
1873
1874
1875
1876
1877
1878
1879
1880
1881
1882
1883
1884
1885
1886
1887
1888
1889
1890
1891
1892
1893
1894
1895
1896
1897
1898
1899
1900
1901
1902
1903
1904
1905
1906
1907
1908
1909
1910
1911
1912
1913
1914
1915
1916
1917
1918
1919
1920
1921
1922
1923
1924
1925
1926
1927
1928
1929
1930
1931
1932
1933
1934
1935
1936
1937
1938
1939
1940
1941
1942
1943
1944
1945
1946
1947
1948
1949
1950
1951
1952
1953
1954
1955
1956
1957
1958
1959
1960
1961
1962
1963
1964
1965
1966
1967
1968
1969
1970
1971
1972
1973
1974
1975
1976
1977
1978
1979
1980
1981
1982
1983
1984
1985
1986
1987
1988
1989
1990
1991
1992
1993
1994
1995
1996
1997
1998
1999
2000
2001
2002
2003
2004
2005
2006
2007
2008
2009
2010
2011
2012
2013
2014
2015
2016
2017
2018
2019
2020
2021
2022
2023
2024
2025
2026
2027
2028
2029
2030
2031
2032
2033
2034
2035
2036
2037
2038
2039
2040
2041
2042
2043
2044
2045
2046
2047
2048
2049
2050
2051
2052
2053
2054
2055
2056
2057
2058
2059
2060
2061
2062
2063
2064
2065
2066
2067
2068
2069
2070
2071
2072
2073
2074
2075
2076
2077
2078
2079
2080
2081
2082
2083
2084
2085
2086
2087
2088
2089
2090
2091
2092
2093
2094
2095
2096
2097
2098
2099
2100
2101
2102
2103
2104
2105
2106
2107
2108
2109
2110
2111
2112
2113
2114
2115
2116
2117
2118
2119
2120
2121
2122
2123
2124
2125
2126
2127
2128
2129
2130
2131
2132
2133
2134
2135
2136
2137
2138
2139
2140
2141
2142
2143
2144
2145
2146
2147
2148
2149
2150
2151
2152
2153
2154
2155
2156
2157
2158
2159
2160
2161
2162
2163
2164
2165
2166
2167
2168
2169
2170
2171
2172
2173
2174
2175
2176
2177
2178
2179
2180
2181
2182
2183
2184
2185
2186
2187
2188
2189
2190
2191
2192
2193
2194
2195
2196
2197
2198
2199
2200
2201
2202
2203
2204
2205
2206
2207
2208
2209
2210
2211
2212
2213
2214
2215
2216
2217
2218
2219
2220
2221
2222
2223
2224
2225
2226
2227
2228
2229
2230
2231
2232
2233
2234
2235
2236
2237
2238
2239
2240
2241
2242
2243
2244
2245
2246
2247
2248
2249
2250
2251
2252
2253
2254
2255
2256
2257
2258
2259
2260
2261
2262
2263
2264
2265
2266
2267
2268
2269
2270
2271
2272
2273
2274
2275
2276
2277
2278
2279
2280
2281
2282
2283
2284
2285
2286
2287
2288
2289
2290
2291
2292
2293
2294
2295
2296
2297
2298
2299
2300
2301
2302
2303
2304
2305
2306
2307
2308
2309
2310
2311
2312
2313
2314
2315
2316
2317
2318
2319
2320
2321
2322
2323
2324
2325
2326
2327
2328
2329
2330
2331
2332
2333
2334
2335
2336
2337
2338
2339
2340
2341
2342
2343
2344
2345
2346
2347
2348
2349
2350
2351
2352
2353
2354
2355
2356
2357
2358
2359
2360
2361
2362
2363
2364
2365
2366
2367
2368
2369
2370
2371
2372
2373
2374
2375
2376
2377
2378
2379
2380
2381
2382
2383
2384
2385
2386
2387
2388
2389
2390
2391
2392
2393
2394
2395
2396
2397
2398
2399
2400
2401
2402
2403
2404
2405
2406
2407
2408
2409
2410
2411
2412
2413
2414
2415
2416
2417
2418
2419
2420
2421
2422
2423
2424
2425
2426
2427
2428
2429
2430
2431
2432
2433
2434
2435
2436
2437
2438
2439
2440
2441
2442
2443
2444
2445
2446
2447
2448
2449
2450
2451
2452
2453
2454
2455
2456
2457
2458
2459
2460
2461
2462
2463
2464
2465
2466
2467
2468
2469
2470
2471
2472
2473
2474
2475
2476
2477
2478
2479
2480
2481
2482
2483
2484
2485
2486
2487
2488
2489
2490
2491
2492
2493
2494
2495
2496
2497
2498
2499
2500
2501
2502
2503
2504
2505
2506
2507
2508
2509
2510
2511
2512
2513
2514
2515
2516
2517
2518
2519
2520
2521
2522
2523
2524
2525
2526
2527
2528
2529
2530
2531
2532
2533
2534
2535
2536
2537
2538
2539
2540
2541
2542
2543
2544
2545
2546
2547
2548
2549
2550
2551
2552
2553
2554
2555
2556
2557
2558
2559
2560
2561
2562
2563
2564
2565
2566
2567
2568
2569
2570
2571
2572
2573
2574
2575
2576
2577
2578
2579
2580
2581
2582
2583
2584
2585
2586
2587
2588
2589
2590
2591
2592
2593
2594
2595
2596
2597
2598
2599
2600
2601
2602
2603
2604
2605
2606
2607
2608
2609
2610
2611
2612
2613
2614
2615
2616
2617
2618
2619
2620
2621
2622
2623
2624
2625
2626
2627
2628
2629
2630
2631
2632
2633
2634
2635
2636
2637
2638
2639
2640
2641
2642
2643
2644
2645
2646
2647
2648
2649
2650
2651
2652
2653
2654
2655
2656
2657
2658
2659
2660
2661
2662
2663
2664
2665
2666
2667
2668
2669
2670
2671
2672
2673
2674
2675
2676
2677
2678
2679
2680
2681
2682
2683
2684
2685
2686
2687
2688
2689
2690
2691
2692
2693
2694
2695
2696
2697
2698
2699
2700
2701
2702
2703
2704
2705
2706
2707
2708
2709
2710
2711
2712
2713
2714
2715
2716
2717
2718
2719
2720
2721
2722
2723
2724
2725
2726
2727
2728
2729
2730
2731
2732
2733
2734
2735
2736
2737
2738
2739
2740
2741
2742
2743
2744
2745
2746
2747
2748
2749
2750
2751
2752
2753
2754
2755
2756
2757
2758
2759
2760
2761
2762
2763
2764
2765
2766
2767
2768
2769
2770
2771
2772
2773
2774
2775
2776
2777
2778
2779
2780
2781
2782
2783
2784
2785
2786
2787
2788
2789
2790
2791
2792
2793
2794
2795
2796
2797
2798
2799
2800
2801
2802
2803
2804
2805
2806
2807
2808
2809
2810
2811
2812
2813
2814
2815
2816
2817
2818
2819
2820
2821
2822
2823
2824
2825
2826
2827
2828
2829
2830
2831
2832
2833
2834
2835
2836
2837
2838
2839
2840
2841
2842
2843
2844
2845
2846
2847
2848
2849
2850
2851
2852
2853
2854
2855
2856
2857
2858
2859
2860
2861
2862
2863
2864
2865
2866
2867
2868
2869
2870
2871
2872
2873
2874
2875
2876
2877
2878
2879
2880
2881
2882
2883
2884
2885
2886
2887
2888
2889
2890
2891
2892
2893
2894
2895
2896
2897
2898
2899
2900
2901
2902
2903
2904
2905
2906
2907
2908
2909
2910
2911
2912
2913
2914
2915
2916
2917
2918
2919
2920
2921
2922
2923
2924
2925
2926
2927
2928
2929
2930
2931
2932
2933
2934
2935
2936
2937
2938
2939
2940
2941
2942
2943
2944
2945
2946
2947
2948
2949
2950
2951
2952
2953
2954
2955
2956
2957
2958
2959
2960
2961
2962
2963
2964
2965
2966
2967
2968
2969
2970
2971
2972
2973
2974
2975
2976
2977
2978
2979
2980
2981
2982
2983
2984
2985
2986
2987
2988
2989
2990
2991
2992
2993
2994
2995
2996
2997
2998
2999
3000
3001
3002
3003
3004
3005
3006
3007
3008
3009
3010
3011
3012
3013
3014
3015
3016
3017
3018
3019
3020
3021
3022
3023
3024
3025
3026
3027
3028
3029
3030
3031
3032
3033
3034
3035
3036
3037
3038
3039
3040
3041
3042
3043
3044
3045
3046
3047
3048
3049
3050
3051
3052
3053
3054
3055
3056
3057
3058
3059
3060
3061
3062
3063
3064
3065
3066
3067
3068
3069
3070
3071
3072
3073
3074
3075
3076
3077
3078
3079
3080
3081
3082
3083
3084
3085
3086
3087
3088
3089
3090
3091
3092
3093
3094
3095
3096
3097
3098
3099
3100
3101
3102
3103
3104
3105
3106
3107
3108
3109
3110
3111
3112
3113
3114
3115
3116
3117
3118
3119
3120
3121
3122
3123
3124
3125
3126
3127
3128
3129
3130
3131
3132
3133
3134
3135
3136
3137
3138
3139
3140
3141
3142
3143
3144
3145
3146
3147
3148
3149
3150
3151
3152
3153
3154
3155
3156
3157
3158
3159
3160
3161
3162
3163
3164
3165
3166
3167
3168
3169
3170
3171
3172
3173
3174
3175
3176
3177
3178
3179
3180
3181
3182
3183
3184
3185
3186
3187
3188
3189
3190
3191
3192
3193
3194
3195
3196
3197
3198
3199
3200
3201
3202
3203
3204
3205
3206
3207
3208
3209
3210
3211
3212
3213
3214
3215
3216
3217
3218
3219
3220
3221
3222
3223
3224
3225
3226
3227
3228
3229
3230
3231
3232
3233
3234
3235
3236
3237
3238
3239
3240
3241
3242
3243
3244
3245
3246
3247
3248
3249
3250
3251
3252
3253
3254
3255
3256
3257
3258
3259
3260
3261
3262
3263
3264
3265
3266
3267
3268
3269
3270
3271
3272
3273
3274
3275
3276
3277
3278
3279
3280
3281
3282
3283
3284
3285
3286
3287
3288
3289
3290
3291
3292
3293
3294
3295
3296
3297
3298
3299
3300
3301
3302
3303
3304
3305
3306
3307
3308
3309
3310
3311
3312
3313
3314
3315
3316
3317
3318
3319
3320
3321
3322
3323
3324
3325
3326
3327
3328
3329
3330
3331
3332
3333
3334
3335
3336
3337
3338
3339
3340
3341
3342
3343
3344
3345
3346
3347
3348
3349
3350
3351
3352
3353
3354
3355
3356
3357
3358
3359
3360
3361
3362
3363
3364
3365
3366
3367
3368
3369
3370
3371
3372
3373
3374
3375
3376
3377
3378
3379
3380
3381
3382
3383
3384
3385
3386
3387
3388
3389
3390
3391
3392
3393
3394
3395
3396
3397
3398
3399
3400
3401
3402
3403
3404
3405
3406
3407
3408
3409
3410
3411
3412
3413
3414
3415
3416
3417
3418
3419
3420
3421
3422
3423
3424
3425
3426
3427
3428
3429
3430
3431
3432
3433
3434
3435
3436
3437
3438
3439
3440
3441
3442
3443
3444
3445
3446
3447
3448
3449
3450
3451
3452
3453
3454
3455
3456
3457
3458
3459
3460
3461
3462
3463
3464
3465
3466
3467
3468
3469
3470
3471
3472
3473
3474
3475
3476
3477
3478
3479
3480
3481
3482
3483
3484
3485
3486
3487
3488
3489
3490
3491
3492
3493
3494
3495
3496
3497
3498
3499
3500
3501
3502
3503
3504
3505
3506
3507
3508
3509
3510
3511
3512
3513
3514
3515
3516
3517
3518
3519
3520
3521
3522
3523
3524
3525
3526
3527
3528
3529
3530
3531
3532
3533
3534
3535
3536
3537
3538
3539
3540
3541
3542
3543
3544
3545
3546
3547
3548
3549
3550
3551
3552
3553
3554
3555
3556
3557
3558
3559
3560
3561
3562
3563
3564
3565
3566
3567
3568
3569
3570
3571
3572
3573
3574
3575
3576
3577
3578
3579
3580
3581
3582
3583
3584
3585
3586
3587
3588
3589
3590
3591
3592
3593
3594
3595
3596
3597
3598
3599
3600
3601
3602
3603
3604
3605
3606
3607
3608
3609
3610
3611
3612
3613
3614
3615
3616
3617
3618
3619
3620
3621
3622
3623
3624
3625
3626
3627
3628
3629
3630
3631
3632
3633
3634
3635
3636
3637
3638
3639
3640
3641
3642
3643
3644
3645
3646
3647
3648
3649
3650
3651
3652
3653
3654
3655
3656
3657
3658
3659
3660
3661
3662
3663
3664
3665
3666
3667
3668
3669
3670
3671
3672
3673
3674
3675
3676
3677
3678
3679
3680
3681
3682
3683
3684
3685
3686
3687
3688
3689
3690
3691
3692
3693
3694
3695
3696
3697
3698
3699
3700
3701
3702
3703
3704
3705
3706
3707
3708
3709
3710
3711
3712
3713
3714
3715
3716
3717
3718
3719
3720
3721
3722
3723
3724
3725
3726
3727
3728
3729
3730
3731
3732
3733
3734
3735
3736
3737
3738
3739
3740
3741
3742
3743
3744
3745
3746
3747
3748
3749
3750
3751
3752
3753
3754
3755
3756
3757
3758
3759
3760
3761
3762
3763
3764
3765
3766
3767
3768
3769
3770
3771
3772
3773
3774
3775
3776
3777
3778
3779
3780
3781
3782
3783
3784
3785
3786
3787
3788
3789
3790
3791
3792
3793
3794
3795
3796
3797
3798
3799
3800
3801
3802
3803
3804
3805
3806
3807
3808
3809
3810
3811
3812
3813
3814
3815
3816
3817
3818
3819
3820
3821
3822
3823
3824
3825
3826
3827
3828
3829
3830
3831
3832
3833
3834
3835
3836
3837
3838
3839
3840
3841
3842
3843
3844
3845
3846
3847
3848
3849
3850
3851
3852
3853
3854
3855
3856
3857
3858
3859
3860
3861
3862
3863
3864
3865
3866
3867
3868
3869
3870
3871
3872
3873
3874
3875
3876
3877
3878
3879
3880
3881
3882
3883
3884
3885
3886
3887
3888
3889
3890
3891
3892
3893
3894
3895
3896
3897
3898
3899
3900
3901
3902
3903
3904
3905
3906
3907
3908
3909
3910
3911
3912
3913
3914
3915
3916
3917
3918
3919
3920
3921
3922
3923
3924
3925
3926
3927
3928
3929
3930
3931
3932
3933
3934
3935
3936
3937
3938
3939
3940
3941
3942
3943
3944
3945
3946
3947
3948
3949
3950
3951
3952
3953
3954
3955
3956
3957
3958
3959
3960
3961
3962
3963
3964
3965
3966
3967
3968
3969
3970
3971
3972
3973
3974
3975
3976
3977
3978
3979
3980
3981
3982
3983
3984
3985
3986
3987
3988
3989
3990
3991
3992
3993
3994
3995
3996
3997
3998
3999
4000
4001
4002
4003
4004
4005
4006
4007
4008
4009
4010
4011
4012
4013
4014
4015
4016
4017
4018
4019
4020
4021
4022
4023
4024
4025
4026
4027
4028
4029
4030
4031
4032
4033
4034
4035
4036
4037
4038
4039
4040
4041
4042
4043
4044
4045
4046
4047
4048
4049
4050
4051
4052
4053
4054
4055
4056
4057
4058
4059
4060
4061
4062
4063
4064
4065
4066
4067
4068
4069
4070
4071
4072
4073
4074
4075
4076
4077
4078
4079
4080
4081
4082
4083
4084
4085
4086
4087
4088
4089
4090
4091
4092
4093
4094
4095
4096
4097
4098
4099
4100
4101
4102
4103
4104
4105
4106
4107
4108
4109
4110
4111
4112
4113
4114
4115
4116
4117
4118
4119
4120
4121
4122
4123
4124
4125
4126
4127
4128
4129
4130
4131
4132
4133
4134
4135
4136
4137
4138
4139
4140
4141
4142
4143
4144
4145
4146
4147
4148
4149
4150
4151
4152
4153
4154
4155
4156
4157
4158
4159
4160
4161
4162
4163
4164
4165
4166
4167
4168
4169
4170
4171
4172
4173
4174
4175
4176
4177
4178
4179
4180
4181
4182
4183
4184
4185
4186
4187
4188
4189
4190
4191
4192
4193
4194
4195
4196
4197
4198
4199
4200
4201
4202
4203
4204
4205
4206
4207
4208
4209
4210
4211
4212
4213
4214
4215
4216
4217
4218
4219
4220
4221
4222
4223
4224
4225
4226
4227
4228
4229
4230
4231
4232
4233
4234
4235
4236
4237
4238
4239
4240
4241
4242
4243
4244
4245
4246
4247
4248
4249
4250
4251
4252
4253
4254
4255
4256
4257
4258
4259
4260
4261
4262
4263
4264
4265
4266
4267
4268
4269
4270
4271
4272
4273
4274
4275
4276
4277
4278
4279
4280
4281
4282
4283
4284
4285
4286
4287
4288
4289
4290
4291
4292
4293
4294
4295
4296
4297
4298
4299
4300
4301
4302
4303
4304
4305
4306
4307
4308
4309
4310
4311
4312
4313
4314
4315
4316
4317
4318
4319
4320
4321
4322
4323
4324
4325
4326
4327
4328
4329
4330
4331
4332
4333
4334
4335
4336
4337
4338
4339
4340
4341
4342
4343
4344
4345
4346
4347
4348
4349
4350
4351
4352
4353
4354
4355
4356
4357
4358
4359
4360
4361
4362
4363
4364
4365
4366
4367
4368
4369
4370
4371
4372
4373
4374
4375
4376
4377
4378
4379
4380
4381
4382
4383
4384
4385
4386
4387
4388
4389
4390
4391
4392
4393
4394
4395
4396
4397
4398
4399
4400
4401
4402
4403
4404
4405
4406
4407
4408
4409
4410
4411
4412
4413
4414
4415
4416
4417
4418
4419
4420
4421
4422
4423
4424
4425
4426
4427
4428
4429
4430
4431
4432
4433
4434
4435
4436
4437
4438
4439
4440
4441
4442
4443
4444
4445
4446
4447
4448
4449
4450
4451
4452
4453
4454
4455
4456
4457
4458
4459
4460
4461
4462
4463
4464
4465
4466
4467
4468
4469
4470
4471
4472
4473
4474
4475
4476
4477
4478
4479
4480
4481
4482
4483
4484
4485
4486
4487
4488
4489
4490
4491
4492
4493
4494
4495
4496
4497
4498
4499
4500
4501
4502
4503
4504
4505
4506
4507
4508
4509
4510
4511
4512
4513
4514
4515
4516
4517
4518
4519
4520
4521
4522
4523
4524
4525
4526
4527
4528
4529
4530
4531
4532
4533
4534
4535
4536
4537
4538
4539
4540
4541
4542
4543
4544
4545
4546
4547
4548
4549
4550
4551
4552
4553
4554
4555
4556
4557
4558
4559
4560
4561
4562
4563
4564
4565
4566
4567
4568
4569
4570
4571
4572
4573
4574
4575
4576
4577
4578
4579
4580
4581
4582
4583
4584
4585
4586
4587
4588
4589
4590
4591
4592
4593
4594
4595
4596
4597
4598
4599
4600
4601
4602
4603
4604
4605
4606
4607
4608
4609
4610
4611
4612
4613
4614
4615
4616
4617
4618
4619
4620
4621
4622
4623
4624
4625
4626
4627
4628
4629
4630
4631
4632
4633
4634
4635
4636
4637
4638
4639
4640
4641
4642
4643
4644
4645
4646
4647
4648
4649
4650
4651
4652
4653
4654
4655
4656
4657
4658
4659
4660
4661
4662
4663
4664
4665
4666
4667
4668
4669
4670
4671
4672
4673
4674
4675
4676
4677
4678
4679
4680
4681
4682
4683
4684
4685
4686
4687
4688
4689
4690
4691
4692
4693
4694
4695
4696
4697
4698
4699
4700
4701
4702
4703
4704
4705
4706
4707
4708
4709
4710
4711
4712
4713
4714
4715
4716
4717
4718
4719
4720
4721
4722
4723
4724
4725
4726
4727
4728
4729
4730
4731
4732
4733
4734
4735
4736
4737
4738
4739
4740
4741
4742
4743
4744
4745
4746
4747
4748
4749
4750
4751
4752
4753
4754
4755
4756
4757
4758
4759
4760
4761
4762
4763
4764
4765
4766
4767
4768
4769
4770
4771
4772
4773
4774
4775
4776
4777
4778
4779
4780
4781
4782
4783
4784
4785
4786
4787
4788
4789
4790
4791
4792
4793
4794
4795
4796
4797
4798
4799
4800
4801
4802
4803
4804
4805
4806
4807
4808
4809
4810
4811
4812
4813
4814
4815
4816
4817
4818
4819
4820
4821
4822
4823
4824
4825
4826
4827
4828
4829
4830
4831
4832
4833
4834
4835
4836
4837
4838
4839
4840
4841
4842
4843
4844
4845
4846
4847
4848
4849
4850
4851
4852
4853
4854
4855
4856
4857
4858
4859
4860
4861
4862
4863
4864
4865
4866
4867
4868
4869
4870
4871
4872
4873
4874
4875
4876
4877
4878
4879
4880
4881
4882
4883
4884
4885
4886
4887
4888
4889
4890
4891
4892
4893
4894
4895
4896
4897
4898
4899
4900
4901
4902
4903
4904
4905
4906
4907
4908
4909
4910
4911
4912
4913
4914
4915
4916
4917
4918
4919
4920
4921
4922
4923
4924
4925
4926
4927
4928
4929
4930
4931
4932
4933
4934
4935
4936
4937
4938
4939
4940
4941
4942
4943
4944
4945
4946
4947
4948
4949
4950
4951
4952
4953
4954
4955
4956
4957
4958
4959
4960
4961
4962
4963
4964
4965
4966
4967
4968
4969
4970
4971
4972
4973
4974
4975
4976
4977
4978
4979
4980
4981
4982
4983
4984
4985
4986
4987
4988
4989
4990
4991
4992
4993
4994
4995
4996
4997
4998
4999
5000
5001
5002
5003
5004
5005
5006
5007
5008
5009
5010
5011
5012
5013
5014
5015
5016
5017
5018
5019
5020
5021
5022
5023
5024
5025
5026
5027
5028
5029
5030
5031
5032
5033
5034
5035
5036
5037
5038
5039
5040
5041
5042
5043
5044
5045
5046
5047
5048
5049
5050
5051
5052
5053
5054
5055
5056
5057
5058
5059
5060
5061
5062
5063
5064
5065
5066
5067
5068
5069
5070
5071
5072
5073
5074
5075
5076
5077
5078
5079
5080
5081
5082
5083
5084
5085
5086
5087
5088
5089
5090
5091
5092
5093
5094
5095
5096
5097
5098
5099
5100
5101
5102
5103
5104
5105
5106
5107
5108
5109
5110
5111
5112
5113
5114
5115
5116
5117
5118
5119
5120
5121
5122
5123
5124
5125
5126
5127
5128
5129
5130
5131
5132
5133
5134
5135
5136
5137
5138
5139
5140
5141
5142
5143
5144
5145
5146
5147
5148
5149
5150
5151
5152
5153
5154
5155
5156
5157
5158
5159
5160
5161
5162
5163
5164
5165
5166
5167
5168
5169
5170
5171
5172
5173
5174
5175
5176
5177
5178
5179
5180
5181
5182
5183
5184
5185
5186
5187
5188
5189
5190
5191
5192
5193
5194
5195
5196
5197
5198
5199
5200
5201
5202
5203
5204
5205
5206
5207
5208
5209
5210
5211
5212
5213
5214
5215
5216
5217
5218
5219
5220
5221
5222
5223
5224
5225
5226
5227
5228
5229
5230
5231
5232
5233
5234
5235
5236
5237
5238
5239
5240
5241
5242
5243
5244
5245
5246
5247
5248
5249
5250
5251
5252
5253
5254
5255
5256
5257
5258
5259
5260
5261
5262
5263
5264
5265
5266
5267
5268
5269
5270
5271
5272
5273
5274
5275
5276
5277
5278
5279
5280
5281
5282
5283
5284
5285
5286
5287
5288
5289
5290
5291
5292
5293
5294
5295
5296
5297
5298
5299
5300
5301
5302
5303
5304
5305
5306
5307
5308
5309
5310
5311
5312
5313
5314
5315
5316
5317
5318
5319
5320
5321
5322
5323
5324
5325
5326
5327
5328
5329
5330
5331
5332
5333
5334
5335
5336
5337
5338
5339
5340
5341
5342
5343
5344
5345
5346
5347
5348
5349
5350
5351
5352
5353
5354
5355
5356
5357
5358
5359
5360
5361
5362
5363
5364
5365
5366
5367
5368
5369
5370
5371
5372
5373
5374
5375
5376
5377
5378
5379
5380
5381
5382
5383
5384
5385
5386
5387
5388
5389
5390
5391
5392
5393
5394
5395
5396
5397
5398
5399
5400
5401
5402
5403
5404
5405
5406
5407
5408
5409
5410
5411
5412
5413
5414
5415
5416
5417
5418
5419
5420
5421
5422
5423
5424
5425
5426
5427
5428
5429
5430
5431
5432
5433
5434
5435
5436
5437
5438
5439
5440
5441
5442
5443
5444
5445
5446
5447
5448
5449
5450
5451
5452
5453
5454
5455
5456
5457
5458
5459
5460
5461
5462
5463
5464
5465
5466
5467
5468
5469
5470
5471
5472
5473
5474
5475
5476
5477
5478
5479
5480
5481
5482
5483
5484
5485
5486
5487
5488
5489
5490
5491
5492
5493
5494
5495
5496
5497
5498
5499
5500
5501
5502
5503
5504
5505
5506
5507
5508
5509
5510
5511
5512
5513
5514
5515
5516
5517
5518
5519
5520
5521
5522
5523
5524
5525
5526
5527
5528
5529
5530
5531
5532
5533
5534
5535
5536
5537
5538
5539
5540
5541
5542
5543
5544
5545
5546
5547
5548
5549
5550
5551
5552
5553
5554
5555
5556
5557
5558
5559
5560
5561
5562
5563
5564
5565
5566
5567
5568
5569
5570
5571
5572
5573
5574
5575
5576
5577
5578
5579
5580
5581
5582
5583
5584
5585
5586
5587
5588
5589
5590
5591
5592
5593
5594
5595
5596
5597
5598
5599
5600
5601
5602
5603
5604
5605
5606
5607
5608
5609
5610
5611
5612
5613
5614
5615
5616
5617
5618
5619
5620
5621
5622
5623
5624
5625
5626
5627
5628
5629
5630
5631
5632
5633
5634
5635
5636
5637
5638
5639
5640
5641
5642
5643
5644
5645
5646
5647
5648
5649
5650
5651
5652
5653
5654
5655
5656
5657
5658
5659
5660
5661
5662
5663
5664
5665
5666
5667
5668
5669
5670
5671
5672
5673
5674
5675
5676
5677
5678
5679
5680
5681
5682
5683
5684
5685
5686
5687
5688
5689
5690
5691
5692
5693
5694
5695
5696
5697
5698
5699
5700
5701
5702
5703
5704
5705
5706
5707
5708
5709
5710
5711
5712
5713
5714
5715
5716
5717
5718
5719
5720
5721
5722
5723
5724
5725
5726
5727
5728
5729
5730
5731
5732
5733
5734
5735
5736
5737
5738
5739
5740
5741
5742
5743
5744
5745
5746
5747
5748
5749
5750
5751
5752
5753
5754
5755
5756
5757
5758
5759
5760
5761
5762
5763
5764
5765
5766
5767
5768
5769
5770
5771
5772
5773
5774
5775
5776
5777
5778
5779
5780
5781
5782
5783
5784
5785
5786
5787
5788
5789
5790
5791
5792
5793
5794
5795
5796
5797
5798
5799
5800
5801
5802
5803
5804
5805
5806
5807
5808
5809
5810
5811
5812
5813
5814
5815
5816
5817
5818
5819
5820
5821
5822
5823
5824
5825
5826
5827
5828
5829
5830
5831
5832
5833
5834
5835
5836
5837
5838
5839
5840
5841
5842
5843
5844
5845
5846
5847
5848
5849
5850
5851
5852
5853
5854
5855
5856
5857
5858
5859
5860
5861
5862
5863
5864
5865
5866
5867
5868
5869
5870
5871
5872
5873
5874
5875
5876
5877
5878
5879
5880
5881
5882
5883
5884
5885
5886
5887
5888
5889
5890
5891
5892
5893
5894
5895
5896
5897
5898
5899
5900
5901
5902
5903
5904
5905
5906
5907
5908
5909
5910
5911
5912
5913
5914
5915
5916
5917
5918
5919
5920
5921
5922
5923
5924
5925
5926
5927
5928
5929
5930
5931
5932
5933
5934
5935
5936
5937
5938
5939
5940
5941
5942
5943
5944
5945
5946
5947
5948
5949
5950
5951
5952
5953
5954
5955
5956
5957
5958
5959
5960
5961
5962
5963
5964
5965
5966
5967
5968
5969
5970
5971
5972
5973
5974
5975
5976
5977
5978
5979
5980
5981
5982
5983
5984
5985
5986
5987
5988
5989
5990
5991
5992
5993
5994
5995
5996
5997
5998
5999
6000
6001
6002
6003
6004
6005
6006
6007
6008
6009
6010
6011
6012
6013
6014
6015
6016
6017
6018
6019
6020
6021
6022
6023
6024
6025
6026
6027
6028
6029
6030
6031
6032
6033
6034
6035
6036
6037
6038
6039
6040
6041
6042
6043
6044
6045
6046
6047
6048
6049
6050
6051
6052
6053
6054
6055
6056
6057
6058
6059
6060
6061
6062
6063
6064
6065
6066
6067
6068
6069
6070
6071
6072
6073
6074
6075
6076
6077
6078
6079
6080
6081
6082
6083
6084
6085
6086
6087
6088
6089
6090
6091
6092
6093
6094
6095
6096
6097
6098
6099
6100
6101
6102
6103
6104
6105
6106
6107
6108
6109
6110
6111
6112
6113
6114
6115
6116
6117
6118
6119
6120
6121
6122
6123
6124
6125
6126
6127
6128
6129
6130
6131
6132
6133
6134
6135
6136
6137
6138
6139
6140
6141
6142
6143
6144
6145
6146
6147
6148
6149
6150
6151
6152
6153
6154
6155
6156
6157
6158
6159
6160
6161
6162
6163
6164
6165
6166
6167
6168
6169
6170
6171
6172
6173
6174
6175
6176
6177
6178
6179
6180
6181
6182
6183
6184
6185
6186
6187
6188
6189
6190
6191
6192
6193
6194
6195
6196
6197
6198
6199
6200
6201
6202
6203
6204
6205
6206
6207
6208
6209
6210
6211
6212
6213
6214
6215
6216
6217
6218
6219
6220
6221
6222
6223
6224
6225
6226
6227
6228
6229
6230
6231
6232
6233
6234
6235
6236
6237
6238
6239
6240
6241
6242
6243
6244
6245
6246
6247
6248
6249
6250
6251
6252
6253
6254
6255
6256
6257
6258
6259
6260
6261
6262
6263
6264
6265
6266
6267
6268
6269
6270
6271
6272
6273
6274
6275
6276
6277
6278
6279
6280
6281
6282
6283
6284
6285
6286
6287
6288
6289
6290
6291
6292
6293
6294
6295
6296
6297
6298
6299
6300
6301
6302
6303
6304
6305
6306
6307
6308
6309
6310
6311
6312
6313
6314
6315
6316
6317
6318
6319
6320
6321
6322
6323
6324
6325
6326
6327
6328
6329
6330
6331
6332
6333
6334
6335
6336
6337
6338
6339
6340
6341
6342
6343
6344
6345
6346
6347
6348
6349
6350
6351
6352
6353
6354
6355
6356
6357
6358
6359
6360
6361
6362
6363
6364
6365
6366
6367
6368
6369
6370
6371
6372
6373
6374
6375
6376
6377
6378
6379
6380
6381
6382
6383
6384
6385
6386
6387
6388
6389
6390
6391
6392
6393
6394
6395
6396
6397
6398
6399
6400
6401
6402
6403
6404
6405
6406
6407
6408
6409
6410
6411
6412
6413
6414
6415
6416
6417
6418
6419
6420
6421
6422
6423
6424
6425
6426
6427
6428
6429
6430
6431
6432
6433
6434
6435
6436
6437
6438
6439
6440
6441
6442
6443
6444
6445
6446
6447
6448
6449
6450
6451
6452
6453
6454
6455
6456
6457
6458
6459
6460
6461
6462
6463
6464
6465
6466
6467
6468
6469
6470
6471
6472
6473
6474
6475
6476
6477
6478
6479
6480
6481
6482
6483
6484
6485
6486
6487
6488
6489
6490
6491
6492
6493
6494
6495
6496
6497
6498
6499
6500
6501
6502
6503
6504
6505
6506
6507
6508
6509
6510
6511
6512
6513
6514
6515
6516
6517
6518
6519
6520
6521
6522
6523
6524
6525
6526
6527
6528
6529
6530
6531
6532
6533
6534
6535
6536
6537
6538
6539
6540
6541
6542
6543
6544
6545
6546
6547
6548
6549
6550
6551
6552
6553
6554
6555
6556
6557
6558
6559
6560
6561
6562
6563
6564
6565
6566
6567
6568
6569
6570
6571
6572
6573
6574
6575
6576
6577
6578
6579
6580
6581
6582
6583
6584
6585
6586
6587
6588
6589
6590
6591
6592
6593
6594
6595
6596
6597
6598
6599
6600
6601
6602
6603
6604
6605
6606
6607
6608
6609
6610
6611
6612
6613
6614
6615
6616
6617
6618
6619
6620
6621
6622
6623
6624
6625
6626
6627
6628
6629
6630
6631
6632
6633
6634
6635
6636
6637
6638
6639
6640
6641
6642
6643
6644
6645
6646
6647
6648
6649
6650
6651
6652
6653
6654
6655
6656
6657
6658
6659
6660
6661
6662
6663
6664
6665
6666
6667
6668
6669
6670
6671
6672
6673
6674
6675
6676
6677
6678
6679
6680
6681
6682
6683
6684
6685
6686
6687
6688
6689
6690
6691
6692
6693
6694
6695
6696
6697
6698
6699
6700
6701
6702
6703
6704
6705
6706
6707
6708
6709
6710
6711
6712
6713
6714
6715
6716
6717
6718
6719
6720
6721
6722
6723
6724
6725
6726
6727
6728
6729
6730
6731
6732
6733
6734
6735
6736
6737
6738
6739
6740
6741
6742
6743
6744
6745
6746
6747
6748
6749
6750
6751
6752
6753
6754
6755
6756
6757
6758
6759
6760
6761
6762
6763
6764
6765
6766
6767
6768
6769
6770
6771
6772
6773
6774
6775
6776
6777
6778
6779
6780
6781
6782
6783
6784
6785
6786
6787
6788
6789
6790
6791
6792
6793
6794
6795
6796
6797
6798
6799
6800
6801
6802
6803
6804
6805
6806
6807
6808
6809
6810
6811
6812
6813
6814
6815
6816
6817
6818
6819
6820
6821
6822
6823
6824
6825
6826
6827
6828
6829
6830
6831
6832
6833
6834
6835
6836
6837
6838
6839
6840
6841
6842
6843
6844
6845
6846
6847
6848
6849
6850
6851
6852
6853
6854
6855
6856
6857
6858
6859
6860
6861
6862
6863
6864
6865
6866
6867
6868
6869
6870
6871
6872
6873
6874
6875
6876
6877
6878
6879
6880
6881
6882
6883
6884
6885
6886
6887
6888
6889
6890
6891
6892
6893
6894
6895
6896
6897
6898
6899
6900
6901
6902
6903
6904
6905
6906
6907
6908
6909
6910
6911
6912
6913
6914
6915
6916
6917
6918
6919
6920
6921
6922
6923
6924
6925
6926
6927
6928
6929
6930
6931
6932
6933
6934
6935
6936
6937
6938
6939
6940
6941
6942
6943
6944
6945
6946
6947
6948
6949
6950
6951
6952
6953
6954
6955
6956
6957
6958
6959
6960
6961
6962
6963
6964
6965
6966
6967
6968
6969
6970
6971
6972
6973
6974
6975
6976
6977
6978
6979
6980
6981
6982
6983
6984
6985
6986
6987
6988
6989
6990
6991
6992
6993
6994
6995
6996
6997
6998
6999
7000
8212
3438
5004
9157
9157
3496
2663
4369
8540
87
7735
5515
487
7536
133
8081
7058
4273
7565
7199
9066
444
9628
2218
3083
8631
131
5376
324
5094
2407
4889
4885
7412
398
4042
7260
9413
4763
5800
9500
2498
1315
6339
6387
7800
4421
3445
2074
1986
6997
1140
8782
6625
9710
1866
5256
6194
3594
1933
7640
2354
3174
2525
6118
3572
2919
3378
9338
7683
9178
5190
6533
6845
1530
9272
4646
5951
9070
3072
4289
6067
564
9423
9044
6626
7641
652
2820
7588
2585
461
9942
2111
9338
6060
2036
2258
9438
1374
6293
8616
6564
2826
1813
8094
2099
2811
397
1169
5883
1038
3588
6447
462
2632
9426
4455
3284
2246
2043
2222
9059
1985
685
8398
8045
2721
7008
7483
447
3301
2451
7012
2479
4265
1458
930
3428
8208
8451
9312
9246
2039
2111
6060
1023
1537
516
660
136
2559
2882
9195
4545
3567
3945
8942
2641
7305
2778
3088
606
5229
100
9438
5846
7911
368
9275
6119
5172
4939
1717
3563
7050
4130
939
4940
998
1599
5076
3557
4481
623
4454
4400
921
3397
7041
8226
6175
6482
5185
7756
2934
4623
9955
845
1343
9230
3316
2867
521
1386
6431
7571
5516
7370
8863
6514
8969
3939
6423
9802
915
878
554
1836
627
3948
6414
3154
430
1599
7262
3364
6222
7217
562
3918
2799
3878
6785
3320
5264
9568
892
7132
3290
9755
9998
8611
47
6422
8413
7314
3652
5320
9150
631
9268
5564
3785
9698
3516
7399
9414
6090
4617
9976
8
7416
207
3146
737
5471
9066
7981
8956
2357
4088
8954
968
4135
1728
5734
7801
5380
1054
6951
2363
6674
8868
2500
2724
2384
9900
2138
8474
4517
8467
4835
8285
8674
7981
9022
497
3399
7003
9453
5756
7444
4760
3077
7931
6488
8811
5733
8221
6217
2684
6936
9243
7904
9437
1967
288
9337
457
5115
206
8924
9950
8491
3950
4283
3866
4448
7682
7221
253
9791
4665
5013
2868
2597
7854
8031
8330
2427
600
7366
9363
9843
5271
8800
8162
1911
4489
4971
3378
1047
3896
9680
5891
4198
3963
9757
8646
7998
3330
8900
4141
7996
265
7009
6945
8119
1392
5275
546
1992
8993
9910
8187
4264
5062
6349
2528
5904
1320
2258
6951
1568
1939
2842
5767
2254
8951
765
252
2282
6017
4393
6630
6283
7754
3575
754
9146
5202
7653
7490
4195
7563
5677
4812
8977
8378
7340
4881
6051
9598
8185
7619
7889
1027
9738
144
6331
6856
6748
4965
2873
1142
1595
5508
5248
5170
6263
747
372
3916
8237
4567
7831
3915
5731
3160
2293
3071
8042
8344
9022
2579
2316
6911
9958
8406
3407
6289
5262
156
1254
4488
7650
2849
6348
2898
4371
2611
3645
1095
2879
1883
2015
7062
2150
7746
223
795
7170
4617
5492
6192
7196
4160
9455
3506
2566
2863
9796
4181
3019
1050
5021
669
252
1369
9919
975
333
3565
2071
3212
1800
4086
6627
302
1832
6850
1097
9002
7819
2941
1546
1367
7101
7354
4873
6020
217
1021
6553
9588
2072
1574
257
8676
2943
6528
9651
3276
93
1722
2841
8245
2160
9468
4899
345
2670
2349
9347
6841
5290
7246
8208
8744
4600
9433
4764
1169
455
1317
757
8879
9243
7366
3907
2186
3894
3558
5463
340
1633
4656
8585
145
4124
9837
490
3146
2186
6190
9987
7476
3436
8195
2572
8036
3980
3688
9205
4435
5005
6314
9666
4248
3680
3573
2787
7574
7132
4602
7914
5117
9258
2852
5262
9734
2689
5753
2880
4875
1943
2867
8703
1731
7414
1276
6119
1394
4964
1676
2182
6322
7990
1848
6922
1670
5422
9709
5596
8906
663
3511
375
9921
6363
5637
9655
5404
7742
8887
6631
6037
1754
5334
4120
9168
2962
239
6915
4279
1915
9097
6953
6257
945
227
7927
2719
6289
3524
1625
6952
3387
2000
3226
6102
3990
9233
1506
8084
8121
4489
4122
6227
6175
8242
5396
5490
4834
8663
6121
6749
7760
3074
9359
5057
9653
7286
7777
5942
7162
5754
2895
6901
7755
2473
3003
8097
1706
861
6181
9827
1702
303
6055
7878
4898
7803
3368
9732
2818
9489
2833
578
8915
2192
5635
8568
5831
9764
4511
9345
5519
3758
6247
9626
6231
5602
7723
4289
2816
3904
469
4518
560
2876
2396
1810
679
2116
7894
9849
1605
727
427
520
9272
2414
5441
1455
2179
9952
800
4050
62
3399
3676
6293
9002
1399
6934
8170
1655
7403
2688
2215
279
1437
377
7310
3553
8271
7159
1511
8999
7586
8383
4623
6353
3824
6078
4884
3776
3230
8934
3838
6630
8962
6483
1984
6713
3418
154
8368
821
9194
6936
7453
631
7313
4763
537
5585
1923
2048
936
5861
431
1911
8566
4256
7989
3450
4384
1219
8736
4575
4201
7698
7410
6185
4411
828
2691
9132
8002
1886
6068
1807
8869
9733
6570
9406
1670
4845
7806
8958
707
4590
869
5625
8846
5210
9076
9582
2782
7812
4157
6983
1863
1568
9521
2626
8748
2212
1758
3102
450
4178
4909
9320
264
1480
5078
1934
6325
9237
893
3384
3827
8114
9010
2673
3325
4438
8607
6107
8602
2765
9442
465
685
8963
3092
9433
7528
4850
2536
4330
5381
7445
2
5645
5277
5081
7579
7955
670
4824
1339
4497
2939
6701
3522
2616
7491
2129
5075
6094
4894
4517
6559
5579
9833
9651
1365
3713
854
3901
8043
6235
7698
8046
8232
2976
9479
2163
931
149
6988
8622
998
6279
5324
4520
8895
2815
6649
322
8909
7896
1191
1821
9827
7376
1472
1192
1089
8678
5093
5485
1265
2792
9883
9497
2120
5714
1661
3051
2215
8649
1673
3213
1280
6997
7733
6527
6165
734
6849
1426
8630
8040
3247
8458
1769
1072
6002
2858
9750
7448
4695
1016
6592
930
6865
8712
6644
8526
1763
5211
3527
3436
8424
4807
6786
2509
7686
9303
3244
4535
729
1874
8928
329
6684
697
1401
2687
9907
7503
135
955
8519
6727
1885
1737
5439
4882
263
3554
93
3791
6990
4870
4950
128
7379
2637
9431
623
3524
6513
2498
2452
6842
9182
9501
8243
8221
9409
5746
4708
364
618
1435
2249
2355
3226
3483
8970
6780
3577
9113
123
8447
4064
251
2178
3053
6035
2802
6577
2548
5300
5382
9390
834
4883
3985
5408
4292
6083
116
1008
6701
7904
9610
5408
1130
3093
731
4263
3022
9844
738
7821
260
989
0
3313
3376
2802
6243
5924
4454
7977
5314
1640
2860
9299
7048
3505
5383
3517
4513
8436
1421
475
197
8903
3569
928
3166
6591
772
256
765
7385
1246
765
698
4622
9919
3293
6899
725
1270
2213
2365
483
7865
5766
340
9600
5635
4853
4388
7056
5329
937
2311
5250
1865
1830
8193
8990
2086
8958
6375
9684
6075
3425
4307
5994
3071
7558
6719
4341
6123
5437
1176
3988
7555
1516
9940
3190
2722
681
6598
4403
1618
8909
9653
9836
739
4198
8826
2826
3157
1553
2510
5584
4978
3169
1579
8049
727
4650
8743
6851
6439
6271
7191
3994
7788
3484
7184
510
4165
3782
1265
2135
9044
918
1971
9783
5116
797
8961
4625
8702
1472
210
3681
993
8141
8082
8073
9143
3177
1276
5583
9449
4819
9577
3589
8303
3114
4099
8820
3248
5364
956
2292
2634
2927
8428
4102
77
7389
8728
5131
5213
8938
8812
2559
3431
3247
632
2574
6424
1908
8157
2225
3079
4087
5814
1383
3553
6265
203
6801
1629
7511
5446
615
6791
3874
4718
3220
7615
9798
8351
2829
8736
3516
1740
8519
6763
2372
1093
9539
632
9251
1765
3711
9690
7579
1446
3243
197
8002
44
8178
5513
1842
8794
8656
5716
3512
1876
9684
9662
6580
8865
4750
96
605
3269
6859
9329
4362
2750
9961
9965
867
24
9655
4799
7823
2898
4996
5825
9295
3174
7690
1137
1968
6347
3206
1832
4575
2890
1494
1155
1755
6244
1251
2360
9513
4462
1689
228
3565
8002
193
4432
4378
9849
9231
2201
9099
4227
8026
8394
3754
5717
9532
5722
8416
2738
3907
9343
1980
1753
499
3735
7998
8102
2447
3863
8917
4136
443
2482
8490
637
3266
2868
6838
8850
5070
2289
9429
3096
684
3183
5165
6568
5258
9933
5658
9165
9277
7638
918
6128
1373
5268
4230
3820
5484
9499
4308
5927
8333
2798
2916
1600
5666
6106
450
7088
8396
9879
6537
5432
9415
1702
2000
4673
7988
7658
3838
7265
1648
1108
3393
3021
2729
3975
3193
8213
3475
3853
492
1808
3003
9761
9760
8669
5867
6562
2110
615
2794
8647
6047
2209
6701
4399
6882
4689
2057
7072
1954
57
4532
1699
3078
7261
5675
2623
5474
5502
2828
2319
3662
5831
2080
3423
4501
7947
6337
2963
8563
9131
1610
962
7692
8311
5362
926
3001
3771
4350
1307
3829
8883
3007
3259
6144
5034
5883
7971
536
8711
290
550
4543
2370
3973
5396
6669
6663
8359
1584
2146
6321
2547
9839
4632
7909
7117
3985
1680
1468
5293
5509
351
4652
8769
2847
6038
1004
818
2926
6067
7460
3476
6962
6182
3802
2358
2852
465
7069
788
2611
9742
3335
8802
727
7596
5920
4712
9277
3740
6357
1138
443
7361
9907
3290
3399
7263
4109
2677
3331
7921
6154
293
4104
9956
9004
3308
6773
2425
4096
9384
2168
7432
4539
2895
5028
6811
3959
657
551
6669
1796
994
4030
8055
636
3782
1671
1097
6459
5002
9019
2613
1647
3123
8921
651
6431
5694
9429
527
1431
7949
4311
2322
844
5692
9133
1155
6349
6036
7824
4497
3382
8207
2553
4018
1989
576
5116
4800
5578
4135
3766
3577
3610
2687
581
41
8382
10
6920
6165
7959
1232
8487
5155
6924
3972
6310
9625
8
487
4123
9742
8694
3028
112
7035
3604
1580
1835
5534
2067
5601
9111
5677
4641
9692
2070
9375
6054
8991
5540
4013
6575
379
5520
3499
4351
8183
3124
711
8670
3599
6805
3716
6627
6917
751
6583
8498
8938
2117
565
892
1229
2595
5533
7273
4665
4908
3328
8
6800
3693
6583
3531
9214
6434
7882
7397
5911
4945
2419
9510
1750
6135
2490
5019
3238
9073
3517
2176
1191
435
9420
8772
9382
4953
6045
4047
6213
5725
4056
9365
9419
6991
2896
8633
3426
7130
2382
9337
2075
4801
8847
177
7288
7689
5197
526
6763
5066
2702
4306
1853
2123
9430
1235
3428
5475
5283
5994
7553
5691
5359
6972
2682
4608
1957
2460
1738
691
1797
166
5492
6997
343
2780
4686
1892
9658
7801
6959
2360
8459
5164
835
7889
6400
616
9717
8035
2962
7270
78
4673
4242
9112
9281
2551
1573
7372
3242
9722
7538
5086
6719
4233
4218
7758
6126
3876
1911
9437
2588
371
4601
9776
8260
1001
392
7977
5388
3354
5247
5466
8027
5841
4579
3661
4744
6152
1033
7986
5874
4923
9424
8946
9156
3642
3056
1634
3870
4967
7423
6459
5338
2025
6235
9951
9378
2979
7928
4767
2685
9528
6585
712
5369
1164
4373
114
3668
1758
4452
5895
6681
229
4841
2190
223
7897
3824
4094
2864
1248
6905
4555
9625
9492
4506
5355
2471
2434
122
5156
8314
3060
2220
3684
4224
2946
150
7893
1056
954
140
7738
1183
4981
9928
7759
9230
104
1853
8446
7704
5110
3001
7329
4602
7507
2685
3425
6294
9159
4933
4608
2219
3505
4644
2796
6451
4794
7041
7508
2101
7181
1598
9636
8514
7878
7395
7744
7982
5600
6190
2039
710
9192
9368
1664
3051
8405
5089
9345
3917
6374
306
2488
9880
4950
5284
2683
6097
8677
6543
8198
5858
8141
4186
4372
2371
1582
8468
354
7182
4659
8745
4245
203
4465
5909
3254
2871
7351
8952
3140
3725
9258
5628
9957
4208
7265
2641
6657
5942
5536
4855
1801
3678
9042
2525
6049
6976
994
2755
510
2005
1500
4755
2208
5966
7017
1814
5189
720
766
8329
797
6376
309
755
6937
7574
9748
3594
9869
5284
4802
8022
5314
3844
6899
7716
7172
7893
471
7682
6250
8324
8790
4810
642
2159
6625
5831
2879
3743
512
3676
6472
7173
783
3409
1100
6883
7003
969
2168
1805
8991
3834
2001
5890
1550
9173
136
8374
3208
2738
6698
1998
7549
7340
4157
526
9523
3388
621
6387
7064
7093
3560
4200
502
4660
1083
3858
5629
9603
5663
972
3438
4017
6863
4988
9542
3351
3362
2750
6089
6412
1100
9990
104
5257
516
9627
4997
1138
6014
2062
4583
5927
2614
1438
587
3697
5296
2569
3301
7311
3541
6739
1328
6756
8079
871
107
1442
9973
2549
4206
1074
2539
4311
2683
3056
3938
7681
546
6305
6095
1481
8584
8709
2919
9171
2406
8215
8092
2059
1879
1634
8798
3207
4742
3230
430
1202
4672
404
3751
8878
1478
2642
9541
513
2050
9832
8194
2596
6137
4289
4078
1073
9350
3349
244
1757
1565
8337
168
3444
6323
5319
3003
1065
8549
9786
2267
3221
190
2370
8451
8020
5013
4345
8533
7063
4177
3080
6012
314
3721
6442
1387
3072
9791
7983
1181
7708
2672
1349
7504
5347
6668
6860
6413
5217
6646
5032
4790
3188
3755
9594
7560
5120
3939
2445
8535
8116
5525
899
4782
5599
7341
2521
8671
3485
6856
9852
7545
9529
1201
1402
1228
4222
8262
7641
9439
1260
9026
582
4448
9133
176
8360
4253
467
805
9140
8583
2683
40
9717
4634
7381
2238
3305
7218
5446
9509
4764
4975
7062
6166
6204
1284
780
197
7076
2040
5575
7658
2840
1060
4186
1200
1665
1005
8357
806
9588
7392
846
5657
2026
4579
4247
1683
1798
9693
1192
2914
1021
8255
5432
7225
5891
6212
3774
2967
8252
5702
6977
7444
6762
7515
4996
8428
8520
3353
5586
4460
7098
6432
117
5476
1011
4364
7160
2809
4058
4704
5723
1431
2959
7507
5008
8851
3719
8782
8170
8323
836
5148
5767
3951
9015
763
8731
7536
469
4317
1996
7567
749
8466
9395
1760
9182
6555
922
9592
7612
2997
1023
571
505
6031
5774
4224
1166
297
2548
2002
1797
4667
2305
812
5431
1036
8348
2252
5353
6697
6171
2454
1515
5566
567
697
8474
7841
290
6086
838
1313
6657
7695
7345
8784
8272
8511
9081
7172
6865
7230
1839
9171
8042
3622
6559
2743
5874
1913
5792
2045
719
7307
7612
1286
8004
6086
9127
4646
8524
6318
2312
1533
4013
6009
317
2285
872
5750
5809
7737
2980
7649
3260
7375
1271
9820
118
3498
8085
5910
5543
8804
9569
9507
6443
3925
5593
1922
8572
469
8240
884
2003
8606
6893
2320
7243
7765
4423
3053
1854
7403
7054
5115
4778
8325
4935
1248
1823
9372
3510
3719
8176
3079
3226
4619
7005
5172
2894
5577
5641
1134
2813
7644
6092
6058
6317
3336
175
740
2741
2029
4495
9795
3496
5626
8120
4783
6874
6296
4155
385
6367
2332
3464
9593
3303
469
4765
6197
2398
6759
3684
5211
4403
9776
7621
720
9464
7796
7812
2205
6178
2308
2000
9674
7934
6473
4458
4808
2769
8613
1545
9136
7297
5010
5081
6953
1831
6199
9502
582
2958
3186
2145
3713
9315
9767
786
8779
7563
8598
985
3741
7258
2985
9768
5192
9458
578
6353
8579
5543
4250
4067
2841
5612
9149
6146
7444
1700
5648
4378
1010
8835
6523
4723
4502
6290
1861
3281
206
6812
4266
299
4070
3604
67
5615
9414
645
8320
7994
6189
2570
8413
5382
8183
3914
1528
1979
5614
3528
6357
6624
2363
2880
7700
6865
5523
9561
6499
5729
2725
7117
2380
6796
721
2448
8763
136
9445
7083
4482
1986
9653
9247
7368
4188
3162
5248
6167
5128
8777
2524
8105
7492
1757
2157
710
7280
8070
7209
9361
796
4326
1741
3944
1400
541
2707
7888
6339
9790
8722
8325
5795
7969
2046
9984
7483
7294
6151
2612
2423
5028
7069
9916
6785
9226
6978
417
7296
4187
6130
8092
4865
4223
8388
6265
1117
1095
505
7456
885
9227
2133
6681
7197
4179
6665
4680
7826
9168
3644
6601
4196
7065
2869
7333
6291
9847
4102
9940
386
232
4384
5252
808
2773
7869
1925
3868
8375
5733
4754
7602
7866
7787
1151
8398
804
2184
2576
9972
2180
9177
4169
9246
2047
1502
5537
1894
5605
1829
2281
2189
6214
3885
2997
8987
8106
4922
2855
2833
655
3961
6788
4874
8100
7939
3272
8904
6475
2200
8877
8656
1377
3046
7902
3424
900
9791
1671
2857
1621
304
1399
4187
541
4396
3174
8647
5671
2381
1481
2678
2695
8269
7552
795
2560
7176
9700
9036
9376
8577
4044
7106
7975
8298
6882
5227
8089
8553
4437
6062
5209
5836
249
5750
232
9775
750
2255
2157
8583
4934
1204
3204
8838
1999
5764
2367
8051
1152
1743
2980
5196
8849
7307
9846
5732
2535
4288
637
3324
350
2199
9160
6952
4301
5744
6727
5051
8000
5236
9986
9286
6440
3190
8124
4792
5307
6843
2843
6459
8587
2176
8008
3788
9483
7854
5872
8370
2142
2862
1694
8845
5061
854
5797
9362
6599
8876
766
951
4113
752
6589
6905
295
1065
8049
5602
7909
7245
8413
6496
9421
6421
6636
8904
628
2509
7275
9122
5371
8969
4319
6784
6176
6468
6146
9127
5345
3264
78
5810
4017
3019
9067
4312
4084
7117
9914
1993
4362
4679
4841
3783
1101
1478
9039
8081
339
2666
3555
2062
7988
4227
8846
4164
695
1344
3291
2392
4609
9721
8202
8626
9092
3622
9290
3176
739
5556
1522
1453
235
6363
1588
7688
4193
627
2121
884
9646
5677
2946
7634
6256
8144
8150
6951
9489
7793
9344
4098
3866
3898
9076
2958
7520
4718
2486
4611
274
4008
6064
6861
6724
7652
4550
7269
4632
3023
8154
630
5052
7452
4616
1308
1949
2766
8260
1438
559
3956
1888
777
7854
7316
3735
1727
2034
6221
6338
8660
6582
8755
5521
3306
2759
6423
575
3743
9447
8729
4373
851
2534
8989
2160
4483
1755
420
2273
8666
728
4161
9443
