682
686
119
551
686
861
688
429
19
128
895
307
326
217
921
509
989
452
772
801
454
981
464
18
684
857
13
131
317
572
1
0
258
472
551
297
686
240
726
57
368
973
364
46
542
638
555
531
442
679
332
249
661
148
267
345
358
632
829
675
204
830
675
815
655
579
112
341
819
190
398
539
163
115
585
705
753
141
588
195
820
272
444
833
420
63
179
778
696
8
806
252
190
481
67
845
60
179
538
231
369
937
770
884
52
708
589
157
201
529
352
373
801
149
207
574
212
386
704
260
746
510
513
288
344
580
134
404
112
672
988
833
961
110
718
365
818
659
522
371
189
227
745
342
728
952
916
292
690
621
553
436
483
66
724
827
998
210
584
462
235
572
296
548
682
366
914
853
377
788
224
918
367
969
613
95
921
529
388
963
502
941
399
986
359
476
165
709
38
749
524
625
673
172
174
708
538
440
561
267
580
137
538
948
459
151
43
732
680
431
696
535
724
447
873
435
923
38
145
314
140
21
939
165
193
113
873
83
905
786
350
486
924
888
434
383
39
477
115
72
261
163
959
337
611
832
773
534
222
270
200
714
291
140
880
484
605
753
567
511
540
269
349
816
158
783
551
549
612
666
973
225
830
932
563
441
116
336
327
691
606
528
405
897
20
637
733
625
743
300
488
635
569
837
451
79
620
2
981
585
20
954
810
202
239
373
995
355
709
675
398
667
555
156
916
575
793
649
200
888
301
689
523
223
878
974
302
499
328
635
436
701
590
246
903
181
620
251
888
681
926
287
349
481
795
265
56
588
915
608
829
568
649
352
791
528
679
446
379
359
81
815
60
23
413
964
204
33
567
445
715
493
732
416
974
527
681
382
467
948
342
296
869
344
1
660
872
32
106
603
391
540
770
452
563
183
768
120
569
335
565
636
180
649
52
506
528
85
888
995
386
582
644
255
926
997
267
150
29
726
105
420
266
875
224
181
59
992
653
980
679
218
616
859
219
20
365
747
105
605
95
843
188
91
98
114
88
718
617
469
444
722
889
710
598
114
891
9
458
545
989
138
115
957
997
335
977
715
434
82
320
529
278
508
972
376
975
60
94
592
529
538
666
771
600
264
237
844
625
695
741
966
185
856
923
183
543
252
898
330
687
218
211
965
79
184
693
54
596
140
998
478
30
664
249
631
281
838
475
258
533
568
577
719
776
852
254
320
105
504
2
792
74
213
757
505
397
802
911
994
942
909
824
973
926
425
604
559
263
431
169
148
999
746
867
775
951
473
447
56
977
449
200
404
663
957
909
412
759
821
758
54
82
582
27
360
7
631
271
270
414
441
419
765
539
638
540
490
464
340
898
793
789
98
197
804
407
459
217
167
280
327
221
714
910
600
75
269
231
346
540
997
139
311
762
679
301
654
521
765
994
420
911
136
518
108
292
926
567
861
445
199
189
18
914
99
618
341
368
201
687
260
198
827
923
312
858
577
966
379
694
313
799
605
801
670
714
93
596
633
307
41
185
496
411
99
595
29
792
315
582
479
928
780
658
851
444
516
428
762
248
475
75
399
80
228
69
794
674
17
780
981
410
965
477
821
416
424
850
208
91
784
39
19
564
698
223
360
566
3
123
814
478
550
566
559
779
635
353
453
653
485
786
415
450
263
237
218
39
439
426
130
224
466
150
140
164
373
501
82
376
624
249
855
526
815
414
305
802
119
110
807
605
896
223
407
511
460
626
550
251
52
681
475
870
831
616
386
556
469
469
932
445
718
139
971
885
553
629
687
25
739
847
982
988
70
389
499
882
367
50
133
772
731
609
642
914
577
381
470
398
850
754
843
920
894
814
805
799
443
844
824
535
691
806
523
761
548
22
643
267
424
129
391
155
738
34
421
667
415
891
65
617
646
260
537
892
74
694
691
870
538
516
405
230
674
280
343
574
302
987
842
727
116
233
234
206
619
656
225
386
899
642
355
897
902
892
789
976
586
481
198
477
349
955
707
23
235
50
950
538
389
792
617
857
377
203
415
349
211
640
87
111
634
443
360
536
687
502
865
274
335
63
103
684
19
810
59
606
860
9
144
602
153
113
459
883
317
875
232
528
867
671
991
502
114
704
38
802
206
255
428
541
319
531
225
690
341
636
296
553
646
793
507
151
258
967
34
927
194
618
456
413
290
799
915
756
503
306
558
61
561
338
602
232
869
179
274
562
816
923
468
814
716
975
965
326
294
352
254
488
970
62
254
612
861
169
369
717
827
927
778
389
618
733
973
487
912
248
402
