8087
2762
7875
2146
3133
5291
7000
1079
7069
6063
9326
4522
4945
8184
2597
4600
5810
9705
7605
7544
7873
5260
1807
9497
8850
6045
2285
5491
8461
828
4762
2900
3590
2637
5046
6724
7928
8398
4155
1349
4461
3481
2224
9406
8017
4821
4007
3827
878
1612
7723
8751
3224
9530
4600
8426
1928
3237
3917
389
4065
8679
3290
4008
7668
4688
732
1949
3087
1239
3298
3900
4720
1874
3307
9090
6695
3666
9269
3925
1630
6993
9028
4855
2875
9980
3281
4803
3217
3551
5193
3635
8582
4835
7643
6251
9523
4727
4552
2610
5966
4202
2863
7038
6077
6170
6128
9124
6188
1750
3050
7818
8743
8430
2673
7970
8411
2307
2774
1628
5858
4319
5263
792
9154
9258
7043
8677
3985
1595
7640
6303
5798
503
3342
8227
3025
5822
7351
9213
7572
401
7031
2667
8832
6057
638
3595
4716
9764
1575
6926
4083
3191
7718
3237
2449
4762
8266
2787
2709
2258
9090
4859
2761
8784
3086
2138
4607
438
1351
8531
7191
4735
7551
2375
7144
4541
5970
1860
4305
3898
8786
4740
7089
2856
4329
9538
3970
2595
2325
6680
4854
7768
7891
3967
6552
978
6106
7511
7768
3809
6043
1311
4896
9946
3687
2040
4487
6009
3900
5144
9907
9038
6236
6996
1895
565
2887
5865
3160
1564
8897
4366
9332
6789
4686
2237
4119
7144
9748
8239
953
2143
9550
2202
2089
9589
4242
2928
1951
4495
8072
8210
9885
4308
1559
8132
1225
4446
350
738
6010
9247
5104
1695
2388
6142
3932
2859
3286
3680
7450
592
5824
3353
2794
4265
2942
3388
7194
1245
7883
1618
9456
7769
2279
1015
2253
3504
1813
2603
4242
7823
1851
5699
5870
591
1841
9802
9803
1480
9835
7253
2072
2011
606
4866
6276
9901
8254
9822
1146
2490
1441
6954
6611
72
7969
8864
3576
9782
1468
4171
3958
9671
6222
9828
6614
8063
5983
6417
9543
2170
3671
7967
4181
629
9185
6809
530
3792
6632
8029
6282
4425
4983
9245
4497
2953
8109
4425
9087
9577
4948
9397
5600
1170
5578
2215
5586
1561
8632
5129
3731
8655
9449
7912
9285
8634
1073
6167
2426
7705
4196
5060
2130
9180
4305
2979
8485
2415
3757
3924
8344
8705
3322
3945
6228
8900
6160
1814
6813
1144
3295
544
9800
2744
4808
9085
7731
5881
1604
157
9939
5801
1570
8421
4981
5875
1401
9818
4642
1510
3742
9339
6567
3416
3284
2795
2316
5796
961
9129
3292
4257
6025
3092
3353
833
8529
1084
3067
134
7594
3006
2287
9164
1427
7268
1391
9180
3438
6034
7042
7180
5373
3610
597
5009
2757
9265
7157
71
4747
449
4328
772
9894
4033
7958
4775
1470
1025
4909
9064
383
7196
4580
8162
816
2323
3695
606
8357
737
7787
82
699
4736
1443
9809
353
8600
9880
5100
5402
560
5873
5296
4593
3831
6423
6063
1208
1333
1479
1591
4881
2411
6105
2050
4735
9800
2656
9444
6890
6795
9527
7589
7883
7322
3750
8237
2275
3630
9689
7677
4190
5562
9325
5136
5745
5748
1199
3305
3433
9031
4896
4667
1442
7354
3069
6177
7154
2077
5622
4044
8873
1501
7986
3108
5175
1736
7697
7450
1719
7387
1479
5909
9301
7156
1045
1399
9257
8597
4704
9042
7628
5953
3709
5422
3307
3130
7952
461
5208
3574
858
433
1427
5196
3541
6602
3284
1239
405
5003
4978
8236
913
4279
5393
8310
5678
4650
3259
383
44
7239
2688
3754
2662
5995
3236
614
2808
8444
540
18
5229
8319
5214
8771
1273
8499
6362
1678
3502
7692
9915
767
1971
1660
5430
4002
2662
8689
737
2706
5929
3425
2812
4943
5772
6049
5557
8580
845
2449
8599
6075
768
165
1198
2041
8664
3912
72
8519
1604
9987
5638
9927
7999
7420
281
661
6110
1018
3367
8391
795
2532
9686
6567
8581
5243
1500
9426
4044
99
1853
4812
264
3051
6853
5281
3315
6925
3800
4919
3264
5790
1199
7615
3211
1480
8276
5673
2499
7996
416
9646
528
102
6214
5461
1697
7714
1239
5741
4165
3093
6905
4429
2496
110
6062
5812
3388
6214
7083
6652
2005
8282
620
1568
6115
8896
7241
4966
3244
7657
4612
124
4111
826
5585
5808
4892
6825
7901
9057
9918
4806
9839
8766
4916
5901
4578
8304
8468
8014
1309
473
2648
1929
8393
8763
7177
5634
3729
422
9643
8342
546
3754
5520
6132
5914
6765
9309
3815
5822
9227
8621
2013
4345
3537
4267
5276
8194
2735
3290
9503
9560
2290
1432
7953
1054
4961
9939
1135
5383
9582
5829
2282
9688
7702
8414
5602
4467
4075
5769
6641
3302
4390
8655
3999
4279
9274
9275
8825
2009
2565
8328
7921
4856
6112
5874
2262
1074
5813
3397
2809
1747
5579
5091
1435
3281
9857
3389
7748
3932
9158
4389
3586
9900
9396
7586
531
8670
6861
9357
7031
5779
4037
4952
635
150
7178
9249
7576
9343
8998
385
1090
4577
5477
8877
7858
1686
8618
1958
5619
4128
6348
5557
4028
5744
3143
912
767
6357
269
7798
2136
4306
9103
9123
808
6281
8372
8384
5625
7370
8770
3067
8300
599
8297
6158
2285
6915
8117
4256
1044
817
9814
1424
2913
9309
2336
3680
5666
2605
7831
7802
3264
6934
6925
4072
9567
1649
2457
1544
9020
7579
4612
3672
4530
2909
9830
3167
6176
4299
7424
7220
1468
3590
4997
4382
9251
7333
4414
4918
6291
8597
2720
9555
1883
5998
9979
1451
7647
8788
2995
3019
2719
3959
6691
7249
6868
2874
417
9397
3525
4193
6617
4994
4135
7966
5728
3386
5300
142
8304
7943
8740
7377
3850
623
9727
3829
8426
3726
8970
1422
3098
1689
1733
6141
8939
4954
9015
5708
4351
8893
6253
7320
3887
6740
5287
9615
126
6939
6109
4783
4882
1201
8512
5084
8177
4591
5265
6603
4669
4235
4377
7767
5925
6111
3909
1216
1065
9276
3276
5416
8169
5881
9088
8408
2621
4375
4375
9099
1314
6837
234
2548
8038
5098
7632
6215
6041
2898
9171
711
3485
9900
8478
5762
6011
8739
3330
3428
4368
2958
5196
8889
8839
4285
7298
7812
5012
8025
3264
6327
4862
3498
5227
2901
4949
9212
5468
990
8462
991
8053
1947
892
2884
7710
3255
1623
7392
6684
5991
351
8232
4881
9190
2517
8531
3355
7530
6556
6619
209
1419
6469
1788
672
7770
1000
6140
8761
9462
3484
3166
7762
4376
6050
1824
7631
4026
9216
4315
17
9567
8900
1250
5110
1417
9781
8465
5299
2690
5084
1860
461
7905
3649
1133
5676
1001
3625
789
464
7109
3955
4578
1485
6358
6402
5469
384
1970
6136
401
1538
5036
8004
3000
2806
4137
7817
8105
6827
9253
6318
7288
7158
6319
4773
2834
7320
8399
3623
4136
1860
3931
8714
9698
289
5116
5167
673
7087
1303
7426
4977
6340
5430
4329
9146
5920
2146
3603
2747
1399
9921
6388
8557
6240
7513
1392
9913
5912
1367
4049
4125
5298
2764
3823
1939
4232
8990
2612
7671
293
6391
2648
6633
8173
6977
2131
4093
5475
5735
3193
6874
2008
9581
5432
4601
7094
3176
4514
9359
4543
8563
3484
6194
7679
7307
4485
1912
2649
3450
5935
2942
9841
4936
5928
8014
8265
4411
2108
3741
6498
5301
615
8507
1234
6047
9460
4680
5575
326
391
119
5241
227
2665
2921
3886
3502
1185
6535
6952
7120
9478
6793
8408
1758
4808
6674
6169
3268
415
9020
8569
1030
3879
6155
3430
3339
835
9005
3665
7579
5476
5258
7806
4493
8179
1693
7996
5716
8228
4948
9189
4058
1742
7597
2168
2902
4271
4690
6170
4686
3710
1091
2069
7589
7246
5499
7280
4433
4504
7297
2012
9981
2555
9819
4474
7087
7864
2470
2803
6092
3771
8344
6503
5513
5942
8671
8415
6565
9713
937
7604
3423
2028
9673
7364
9274
5172
4644
3707
6028
1941
2072
2361
4497
8243
6836
1584
6107
5658
739
8551
9429
9084
5054
1294
1378
78
6061
4295
6143
6998
1899
9567
9026
7924
3283
4652
9448
7928
4712
5477
9869
6784
7838
718
5027
1026
8654
7486
6685
9394
6037
2466
4830
7444
113
2560
3874
6174
3207
17
9525
5107
5936
4903
9383
9220
9556
8832
7148
620
4309
3369
7404
8499
440
8783
9526
9094
6269
2563
4840
8658
5029
9670
6102
1494
8582
9976
4021
1790
6346
3546
3249
2282
8449
2632
7854
4357
1464
1354
1329
2125
4724
8733
625
5164
3868
6503
4258
6489
9066
5451
5148
447
5121
7602
1942
56
3931
5963
8198
277
5861
1447
8911
4310
431
3118
5020
8248
4472
6349
6725
9196
1435
3702
712
1655
205
1323
8145
9271
6774
9645
9719
8247
7247
8013
4655
1178
3976
2853
7807
6189
652
3071
499
7436
6189
1871
5684
661
4573
8761
6210
6008
2464
3274
4015
2669
4597
2160
1941
7723
8157
8012
5971
5405
6025
626
2935
6353
9832
7095
2542
484
6518
9393
7920
2707
7617
9956
9720
2190
8718
2282
4550
1182
5557
8565
3851
6506
7078
2144
4230
5235
156
6553
6992
2533
3531
9928
5238
3363
3375
4132
200
9893
3526
4472
8952
7495
4429
8672
6037
9499
7307
587
7033
2864
5504
7236
5722
8934
9381
9952
4170
5889
2857
7514
4775
6389
3794
13
6104
7169
4146
6304
3414
4024
777
2366
7871
1558
1039
3908
7409
4698
847
4442
7562
6351
1678
3284
5286
7411
9589
5808
3301
2446
3322
8076
5187
3469
4441
1292
638
4939
3948
4053
5315
4725
6419
3186
2635
3810
7094
44
8508
4293
838
2422
645
8869
2059
2283
6280
8000
4443
5933
6798
4117
4009
1986
7586
4803
9630
4577
6094
3578
8630
1410
4656
1401
948
7291
1564
4395
3688
6424
8688
878
5199
9333
9747
7258
7968
6028
5258
2411
1961
8408
6529
2323
394
467
3478
24
5044
9572
3603
3674
7334
8259
1428
8283
1902
2992
2678
1942
5768
1366
2821
967
7052
2568
8225
5020
4948
9835
3784
3262
8244
313
1937
4990
780
1767
5015
5825
1339
4970
5851
8674
9581
7279
6957
7835
6623
5987
9778
8744
7353
8951
9711
4405
7871
4289
5778
2820
476
9562
2434
8720
6227
723
63
7007
2490
1430
9184
3829
6400
1388
8855
2333
5019
2164
6520
7995
8151
6298
6739
5505
5249
6450
6262
3121
7091
2040
2293
7568
7954
1079
2640
4181
1802
2703
7541
4292
4133
3077
4473
6885
4465
3329
9218
9485
5493
5739
3832
3645
8389
571
5502
9991
3373
8116
9464
465
157
1757
8033
4463
9188
673
8645
990
3377
2538
5282
7510
5615
9755
748
81
9436
6318
5918
4930
8409
9750
4927
6799
6673
6781
3142
46
4897
2606
511
1406
715
4896
5870
9903
5570
867
893
5299
3405
2527
9161
9020
8634
9909
5453
8071
6228
1371
9353
4637
7473
632
7788
4146
7413
930
4193
2310
3536
1056
3717
4251
5953
5939
4154
1523
6806
1399
6822
211
3926
5983
9231
2561
2245
4685
6984
8473
2408
6337
9462
9882
6969
7251
380
734
4533
4573
9396
8070
5630
9465
8673
1583
5404
9180
9458
2210
579
2632
8773
858
8615
4357
3419
7212
9042
403
5685
7802
3092
1500
4036
6413
5103
4417
7147
9636
5342
6543
7706
7324
6009
2732
8907
1413
1912
4717
9976
8843
7349
5101
9701
2317
9458
9472
9529
4852
9875
1567
2655
9319
3067
3043
5732
8170
7460
2879
7806
9155
5775
1865
6479
1784
4597
1739
9549
2861
6456
5877
1704
158
979
1406
2475
437
878
2004
5290
7106
9923
4297
2777
2990
7340
8510
7512
1153
7741
1671
308
9868
3536
3139
1652
4485
4878
7554
3698
7687
9783
5402
7845
762
3160
6672
7552
391
5028
9194
3849
4952
9843
6626
7942
7183
1488
1807
4688
9230
3478
1348
9098
3366
4488
7103
4203
5718
1009
7901
3405
7144
9655
7602
7907
2816
4274
1811
3207
9303
7357
7056
607
7200
34
4901
735
1523
6708
5424
7105
6538
6772
6203
9904
7612
9658
459
3331
7019
4712
3088
4164
4368
7043
8423
7184
7669
6586
6743
3324
3943
151
3931
1143
185
8833
1878
1708
5541
3654
8813
8432
6779
1369
4688
743
7379
5148
426
4399
9860
9867
4915
4228
6910
3338
7764
931
9924
4507
4256
219
4658
8187
1362
4844
3372
9592
2904
5266
9599
1718
3698
2730
3087
8386
3473
6818
9886
3900
1217
6099
3767
6132
6679
7029
5822
4444
7960
5746
5303
2216
5965
6314
6756
3679
7510
128
9624
6766
1746
5575
8484
5444
8305
7923
183
1778
4742
6421
5678
2311
2520
5797
8444
9200
2826
4266
9996
787
6365
1651
9355
8682
4317
6111
8714
1827
2592
8338
8594
4338
265
3430
6135
8570
1354
6318
348
2448
2739
2379
4759
1612
8176
9555
812
7355
174
7160
8142
2891
8811
3849
1573
3129
6313
6639
1308
8905
1329
6254
9595
1594
6037
2082
164
3743
8400
6865
6191
7492
9244
7302
5456
3772
6858
2620
1127
7032
9780
5621
9923
4943
5823
7848
4424
2136
4488
2085
7393
2169
8339
6988
3764
4376
9071
3928
8119
3823
7145
662
7667
6389
7965
3123
6514
4823
5743
3993
8207
1875
5967
4482
6819
1790
8682
1243
3926
9522
3328
1319
1692
8020
4659
5456
8748
3730
5736
6868
3906
2882
3882
1573
5623
1847
1049
2137
3022
3144
2483
7581
5020
8450
2063
1839
240
746
9434
518
6620
9115
8189
8312
7135
2848
3768
5883
2931
5857
9103
3189
8739
2986
1114
4362
1185
2163
2852
4208
5308
5335
1789
6680
137
205
8519
377
7303
4305
7247
3923
3420
5436
2236
555
8284
2356
2791
7567
8213
8246
756
3304
1232
1871
4019
8770
386
3223
9330
5694
8558
1119
8726
8695
7676
7245
5424
1331
7903
9023
5255
1323
4459
3843
8231
9095
2551
1022
6663
7117
5620
3771
6773
3205
1994
792
1975
2381
4015
1305
4427
8925
8776
3154
3972
6453
6751
9396
4136
4654
8419
9391
5978
9230
9586
561
8326
8490
1583
1341
5607
3555
1464
8732
6760
3459
9525
8735
5840
9892
6392
267
8818
5169
9773
2790
7974
6525
8539
2110
1179
3310
7854
3509
2541
3792
4070
7219
2282
2005
4912
4241
5561
6376
2974
2321
9835
8851
7409
2027
8743
3801
8647
3913
8970
8420
6704
6944
1297
1595
5407
2477
1257
3261
2338
3798
3405
6409
7369
5688
8414
2281
6281
327
5010
5607
2649
1197
4458
6410
3225
9554
211
8224
3467
9182
6644
6523
2478
4294
8118
4237
6771
9376
3850
9109
9526
7256
1870
3248
9296
6637
5529
5577
6964
6891
1185
5965
8089
1995
2375
7666
1549
2587
5890
5017
8121
8886
1540
6951
3180
6011
7541
6303
5387
1391
1765
1265
8647
9987
4513
7943
6624
6395
9873
3589
3286
1058
5906
7727
3053
8282
5393
4603
7221
7635
5972
1694
2874
7512
4997
2406
3523
2538
8710
5262
282
6827
2880
8929
6814
7393
3225
3439
140
3098
3380
3427
508
5638
7506
9913
272
2900
868
7493
6887
6840
5539
9761
705
6889
8520
580
9427
7230
2195
9709
409
5075
4991
7223
8820
8216
7014
8961
7666
6746
8740
4526
2385
6246
4439
2657
9146
1660
6503
2386
4852
8394
8499
5557
5283
7019
2490
1063
601
4685
772
1010
6112
2115
4586
4932
6683
7952
245
4349
4699
8985
5227
3436
5232
6019
2445
730
7679
5300
9468
2531
3695
7968
4441
5330
4987
3283
6393
1941
4320
3518
2951
432
5633
3889
1716
2317
1842
8314
3018
2893
7299
4598
2681
8883
617
1478
9614
4648
6779
9082
3531
6826
3402
7972
8508
4742
7607
4902
6683
1927
4772
5986
2359
405
6228
428
9074
8070
8742
2093
7315
6041
6691
6348
1277
3660
7826
891
8308
957
6325
1839
4135
6080
6164
8996
822
3771
3898
3857
5699
8670
9843
4410
5427
6071
4838
4502
493
9932
2947
4160
2326
5990
6860
3603
9650
4687
846
7958
1996
3523
6149
2484
9603
2313
1480
6777
2437
1730
634
4488
6752
6830
8898
2179
9253
89
3033
6099
21
5980
259
2347
1970
7120
2302
7972
8159
3148
5930
6507
6672
8432
8991
2627
7097
471
9405
9534
8553
6391
4022
5305
3221
9273
3837
2475
5714
6870
8574
5735
9203
5185
4435
1173
2305
6737
9146
6816
6238
1428
3324
9262
6212
2315
1889
3310
9139
7646
2844
4044
4038
3219
9350
7259
8844
3187
6086
4558
6409
4660
6645
5612
6198
1080
3138
8503
4170
8636
1672
6760
64
4996
6022
6277
3663
4263
5939
9154
8262
5135
3199
2300
8354
8901
5911
3550
8440
8350
8108
4849
9362
4754
6814
5560
2186
9952
4064
2708
8588
2088
9468
5004
7084
5490
7633
7099
6106
3572
2606
4368
8708
5805
3020
3414
1058
8931
6965
9498
3633
1425
699
2996
2531
7513
8556
4718
3817
8972
7426
2405
1060
3247
3762
8144
8737
1395
1596
4843
1320
4202
5563
28
6359
8583
9794
7417
3867
3111
3267
7500
4537
3966
496
7068
7832
9053
8138
1649
8025
1917
407
9086
5164
4169
3582
253
1916
1530
1449
3236
5732
7012
9616
8443
5596
5763
2212
9463
8874
5479
6963
9763
5798
3812
3184
3630
2865
1322
1631
890
9591
2038
6328
4755
2559
6263
5009
828
7793
2810
416
3526
9822
6385
1969
5418
2148
4182
1233
7374
6013
4549
7138
1811
8361
322
1793
7578
7996
3425
4820
7588
1815
7501
8695
727
3764
56
1555
1557
2866
1971
5083
2689
8356
3405
4459
6856
3939
2045
4231
9952
2946
1369
8116
7659
8043
6261
1589
2391
9686
6409
6331
7854
3910
5027
8581
7674
1435
136
9232
4302
8459
667
3343
6816
424
4154
24
4363
2551
4255
668
5497
1976
5136
9508
19
1397
1097
2411
7436
7507
8742
1642
7769
121
223
1796
1557
6711
1028
2211
1522
8047
1906
8338
8472
6060
8363
9187
8612
8970
9855
461
947
1343
9970
7318
9093
1067
6081
6529
4926
1176
8171
9048
1297
4746
844
9206
7809
8224
1417
9331
6271
9675
4022
1095
5736
8737
283
700
7707
6490
7513
5006
7834
3835
2325
6927
1255
8406
9808
6181
9582
4331
5229
880
9077
2425
6438
6886
649
4208
2569
6921
3883
6591
4368
5971
5328
4651
3023
9388
1142
537
4394
5328
4372
6719
8607
1979
5126
4767
8161
1060
9098
9742
8292
4527
2168
4731
7765
9169
8939
334
2442
9174
6926
6811
5146
8606
1462
4521
7994
8956
5058
2389
636
5783
5460
5595
7762
586
362
2275
1647
9460
8370
9939
3987
6890
1022
1752
6059
6313
2087
8502
5488
5365
5313
6986
323
3127
1507
8318
8436
2918
7059
9072
5053
2519
4668
9167
9458
5030
7795
7457
843
6165
3748
1182
9407
4771
2935
5466
7436
1374
320
2924
3091
1985
6262
3414
5113
4122
8084
3549
3392
5143
8973
8445
4015
3641
3964
9825
5024
1759
7282
2219
7924
7382
3401
7331
8505
6336
9150
5942
4062
9470
5218
3505
1456
7833
6920
2921
1955
1356
2822
5347
2852
1795
144
6867
5437
4108
3044
6813
5868
6678
9032
144
4060
2433
3828
8918
5122
2978
1212
5536
8800
6430
9042
6608
615
2314
9529
8922
3670
8703
4269
2874
499
765
6093
2288
1226
9137
9101
3446
5815
8133
3590
6228
6918
3770
5146
2040
3100
6358
3929
1901
9140
2971
4861
6108
1637
743
5030
1659
9446
5652
4534
9945
6417
627
2233
7643
6117
7686
1089
1932
5819
1032
4512
9090
1154
9658
7482
4255
2368
1411
2508
7861
734
7369
3969
8723
4464
5351
383
3911
1003
1269
208
3773
8248
8794
1416
4365
6480
8858
2650
8652
6242
7162
7742
7396
3173
1576
8003
1893
2988
511
6106
74
4233
6427
8798
8697
1779
5533
8960
2782
6802
5521
6555
1402
4315
4324
2120
795
9534
4770
5799
2128
8284
3541
5876
7809
1470
3880
9703
4458
743
2161
884
4976
8589
9682
26
6720
5215
8986
9502
8369
859
2410
6124
5174
3086
8244
2322
8972
9366
8121
7452
7650
8015
3328
1812
9485
3560
7867
295
4304
28
1179
9280
4969
7214
5658
1689
8781
4645
7544
7151
5504
9954
9627
7031
9392
7871
9353
8364
7237
3826
2168
1239
1841
5496
9403
7678
9057
7270
7973
9713
7299
5505
5345
8620
2719
1004
310
1500
2001
7854
5003
3857
7808
4630
888
3552
8853
6593
8268
2442
420
436
34
8613
2284
9437
6292
1341
6708
617
7406
359
6122
2752
8979
5193
3756
9289
6694
5757
3495
8049
9614
7655
9032
6855
1207
7885
3448
9475
6680
3868
6263
6714
8834
8548
2503
5126
6241
9211
2095
3648
5922
8218
6400
1254
3411
6508
6895
6457
2265
391
4507
8231
8046
9891
5086
5606
7776
8535
1433
4456
8755
7697
7522
7589
6245
26
9067
8838
5589
1163
2486
7864
5733
5238
9118
5496
1746
2365
1954
363
2756
2813
8595
7155
2704
33
2761
6832
8568
4194
7641
3676
8243
1515
1265
840
1541
6685
9679
3483
7848
8517
1347
3581
108
6817
5429
8206
9182
7383
8570
8291
6548
3517
5446
5604
3550
4559
8789
8471
5105
6430
2147
9701
4297
9764
541
5839
6449
6572
5674
4297
5090
7021
4230
5198
3838
9660
9756
9372
3395
8326
7663
6296
1843
9461
8252
1746
4020
7041
217
5478
9823
2364
5179
4121
2128
5720
6312
8578
8645
1986
9227
3735
5359
9810
5285
5549
9470
5041
4921
9217
9720
8937
5513
7915
8398
3766
9661
8771
7159
9878
601
6983
8594
5780
1104
7075
7852
7416
5653
6497
5754
1232
6584
1113
1042
8221
6662
6864
9615
7935
6082
9335
6872
7947
3602
1623
8065
3264
394
5225
9494
995
2208
4441
3127
9664
1516
7331
3432
3521
181
9186
4753
6765
6651
5796
1339
9665
2660
954
7600
5094
6641
825
3042
243
2448
1107
9859
9194
2684
5706
6541
1244
147
9668
908
1663
3351
692
5184
3532
9878
6289
6650
2881
2085
7989
2546
1098
5295
6499
2544
1936
7324
1938
8531
6124
9398
4743
5318
2082
449
1859
3327
6948
7879
587
8611
1230
1280
147
4763
1158
6436
1413
392
4874
5754
9290
2324
1049
5789
4868
9337
3113
6807
4220
5589
2557
8963
907
4639
5764
2766
4318
2712
6997
4906
1323
8228
6186
7822
9343
7344
4259
756
4088
5485
6510
3379
7809
3911
9168
9029
3248
8634
2188
7468
4223
4745
6432
1483
5737
2196
601
55
1261
7599
4961
2584
5827
1147
6759
5170
4844
1018
2278
8932
2855
5140
2311
664
9051
7832
6045
8651
2818
8234
6119
3393
9331
8903
4876
5068
7452
5478
5124
8713
3077
85
7649
5256
1233
4408
6778
6077
1778
5408
5009
4633
548
3673
1649
5951
7857
7695
4602
7027
2281
7073
420
1612
5977
1649
6681
9781
7127
1805
8494
6556
1890
2495
8164
9475
3256
4942
5552
5034
350
6914
6020
7250
6939
7669
3201
1148
1716
4155
8175
3997
1228
8595
5610
7205
244
2291
3338
3723
448
1832
6631
8690
680
4795
8166
3936
6089
3718
8970
6439
6984
1342
3689
3923
5364
3242
1423
7080
7397
9598
7430
8626
4546
3040
2183
1142
1683
5522
4866
8483
3706
7849
7173
4386
2645
5339
8322
5086
5410
3645
1526
2394
1339
1567
2670
6703
1162
4093
3784
8559
3692
1214
3537
4590
606
5721
5732
8641
7595
598
7124
7653
4800
4297
2040
7445
5989
6714
2531
1399
6711
409
145
8051
8329
2815
1106
9491
3261
4890
8050
3305
2456
7940
7895
9414
13
3627
8055
7608
578
1531
5261
5378
5829
3653
9175
1818
6720
8058
9569
9783
8468
9714
4186
3149
8882
5293
2640
8495
6535
7042
1800
8992
4982
6047
4758
4995
6026
2814
8955
6604
4345
569
8334
6526
574
7509
4696
3646
5568
4265
3430
388
332
7616
9889
5566
2909
2529
4061
9445
5923
2213
4789
906
8260
9547
2253
4286
8713
7561
7243
9411
8130
5577
5937
5056
9439
634
8703
5007
1251
2133
1747
7935
6101
1636
3501
5363
517
7562
1160
6440
9775
2301
3698
4387
8200
5952
5026
6914
3513
2269
6325
7995
4198
8614
3051
3637
5600
1754
4996
6852
239
6743
4787
2693
4731
8289
8056
5248
2203
5568
8041
1979
7869
1739
2718
6069
4043
7744
9335
7556
13
5660
5551
564
4275
4955
4201
9875
6709
9198
3079
3301
2293
4219
5994
3377
8860
4050
4977
1063
9618
3018
9394
3839
1110
2113
6260
5153
6209
5596
9062
6223
7608
4613
3139
1883
5920
7340
8111
2630
2890
7542
5931
1536
8113
1925
4913
6973
2327
6242
4389
8297
5613
135
8488
6723
8600
4748
1876
4810
344
938
7385
7953
1904
524
6188
7824
7864
651
6806
7107
4546
9089
8643
2659
7366
9908
5985
6045
6150
6726
4342
1763
6861
9182
4838
5462
3931
6715
272
627
4005
7657
4932
2261
8181
7473
6438
2397
4476
9596
9504
9022
8686
4499
8034
2404
4407
371
8450
558
7097
9144
8673
3958
8327
3512
5772
8610
6579
6044
5589
6936
53
522
9198
4586
4347
1988
6984
8823
1584
2840
4198
6622
7340
2232
9027
1747
2603
3829
8657
6052
9325
3683
10
7652
7195
2135
2614
126
4531
8204
7062
4585
5078
2612
5523
9425
952
2507
8248
2537
1700
2446
5511
5392
1030
4538
7139
3633
4719
2149
9685
4045
5832
6048
8049
9379
8183
664
5857
9066
5220
9271
3651
298
1884
9175
9723
9188
8034
4323
1725
6086
6770
3589
1478
7800
4479
4970
7786
9199
7119
3823
9596
9303
6223
7645
5034
758
4661
7243
9825
9881
6514
3476
6531
4750
9003
6254
3939
3390
578
2016
5828
3700
5605
7307
7852
85
2277
5638
5636
5748
9462
5232
1403
2037
2877
2789
2796
7539
32
2621
3772
6546
2449
304
1297
7805
2910
1588
7547
3488
3604
3375
3540
9210
682
1393
5647
9311
7031
1283
1411
2845
6515
9166
1235
5744
1955
4031
9635
8339
6652
3408
4886
9101
3712
2535
3258
2974
475
805
6463
4079
4181
6355
9641
1215
7748
5288
527
1132
2923
8290
329
5790
7457
1564
7887
5764
5595
7522
4104
8599
7282
5342
4053
7346
4229
7311
321
4704
8117
3136
5135
8650
9491
4777
9865
3592
6417
6744
4724
5693
5035
1405
1483
8844
2970
9370
4608
4917
3245
5064
9869
527
6758
3922
7874
7339
7585
8195
2043
2054
1331
7179
704
822
8308
6922
4414
4725
3666
5490
418
5053
6896
8254
249
6218
3976
1210
7487
7221
6274
7356
7749
9385
7630
5623
6724
1568
3818
5120
3622
1501
2299
679
2323
6959
7601
3090
8036
7619
4932
8455
2673
1828
3061
9274
4398
7037
484
1886
4259
6759
5594
2008
2496
9577
3983
9220
7497
4153
4340
1119
5654
2991
8150
4329
9950
5751
3771
7987
9723
8704
2794
8748
532
5855
8022
1283
9244
8507
9521
3503
1618
5115
1863
4114
1044
2198
3334
8541
6351
4027
6013
2005
7018
4163
2687
3321
6267
6458
1308
5990
5162
454
4738
2047
2661
9112
3330
1905
7619
2851
1761
9237
4318
9976
3351
5363
2175
3038
256
8526
7065
2621
6884
435
3137
5923
3756
9404
2381
1416
1746
3896
8222
2836
5943
883
1948
9273
9141
5920
8476
7254
5157
2794
7230
4861
4509
9405
4251
1118
4284
7668
3739
7520
8103
6876
9795
8212
2632
2176
5980
4378
6072
555
3566
8367
7790
1867
3992
6931
7787
2468
4185
2944
5263
7768
4157
9772
3525
8408
7242
4161
6076
982
8033
4180
7858
7828
8744
6843
5
4724
7573
2429
1631
1140
7149
9422
3007
1141
6353
794
3610
6891
90
5225
1011
4248
1349
4536
2656
8592
8698
8733
9574
6731
9265
3784
4560
8009
627
917
9085
8201
9698
717
5693
6847
139
5052
7989
2844
5846
7951
6087
5936
3176
7098
6536
4525
7987
9193
3117
6685
7926
9043
9768
3543
2828
680
1552
9807
7949
637
4360
7648
7706
53
4495
4197
5105
8836
3394
7303
3139
9481
9592
6315
2932
6128
841
919
1673
310
3956
5951
9354
3724
9494
2182
757
1046
8341
8706
8036
2702
6354
2094
9107
7202
6292
4213
2390
9686
7868
5530
5519
7460
1845
8451
9941
9038
9370
1614
5701
3326
7566
5055
3403
7060
3589
4160
4459
1930
2866
8847
984
5573
941
92
2775
3585
4305
5165
9623
8525
7047
5143
5986
5245
9946
5927
4283
9317
7541
9984
8995
1459
1391
2398
4872
4980
6558
5683
3263
5777
4530
4247
1350
1823
691
477
1761
1348
1994
1384
9874
9042
2879
5860
4287
2826
8139
4922
8495
2032
1259
7490
3492
2650
9889
8364
3983
2799
4047
3598
8576
4929
7845
6278
6752
4889
6755
4865
6237
8750
2602
6111
7792
5481
8323
8431
4659
6462
3353
3154
8495
4612
645
1987
7263
534
6703
7598
9685
7102
1196
4614
2031
5393
892
5135
282
7648
1
6520
6398
2603
8983
542
4436
7307
5325
9096
3769
8678
2250
8616
3291
9247
6955
6906
6133
3658
4504
5819
760
2052
433
9143
7445
1325
4279
7728
5325
632
600
8075
9587
9583
4969
375
3242
294
5823
3364
8973
8074
1980
8616
3673
8936
1874
9807
8946
2730
1978
9707
4782
8763
5202
2227
6440
5833
6307
1766
6465
3259
9841
2404
9195
4811
2780
2437
1457
8603
5801
430
3029
4134
5398
3055
9422
7272
2862
8368
2
1192
4427
1136
9955
9630
9716
6395
5463
6023
8161
8281
5635
4355
685
4830
5518
9817
3619
6975
8421
5773
3758
7802
9907
9156
857
9329
6429
71
7697
2783
1263
2125
3920
1218
8107
9988
7614
3570
6011
2127
1851
7998
2834
8889
2828
8352
8706
2800
1680
3479
8573
5438
7634
8480
4594
8491
4161
7375
4915
8210
6511
6178
6687
6783
3749
4794
6771
7715
8365
9134
9842
6568
7133
2677
5457
6313
7381
516
9113
9061
347
7686
851
7981
2518
1798
2825
6679
9173
7740
4890
5684
270
1577
2467
4019
2724
9238
1734
1089
8373
7929
4009
1858
6958
5819
8171
4339
2687
7285
9753
3034
1323
6956
7368
3842
8754
193
521
7928
4285
1763
9964
4555
9693
8784
4927
2417
4374
6661
9858
9099
942
3867
957
7900
6038
5481
8592
8725
2766
4697
8112
441
1653
5480
4283
408
5673
1157
8336
9958
9272
4652
865
8965
3436
5792
7734
7811
8806
3944
6910
9748
4164
4220
7649
202
9701
2593
5280
8819
7290
3392
9260
8943
8872
9896
9351
897
7405
4039
7207
6677
5044
8072
1995
8480
217
6081
2643
9023
26
5906
8771
4190
126
2772
4392
9827
5365
9672
4998
2655
9416
4258
1599
8288
506
7302
5537
7911
7694
2744
4589
2738
817
2936
7570
1034
9017
214
6409
9043
6120
5180
3233
2598
4305
3978
8777
9670
2
3775
2326
9419
4385
277
4059
4892
3931
9597
2803
1625
2341
3744
715
9510
3032
8286
6896
2050
8500
3305
1093
972
4838
679
3570
9143
4657
2347
8813
4659
2474
7491
430
6859
4120
4490
8103
8052
4087
7259
6029
6428
1003
6745
2291
388
5031
9187
2438
9883
2493
9883
855
3683
562
777
2826
1571
9476
1639
6231
1950
5483
6661
5161
9603
7503
3265
7655
1590
524
3685
4371
7879
6782
3014
8267
1813
2201
7057
8048
1046
6941
5255
4729
7503
6032
7555
5427
1860
5547
1658
3810
7382
4671
8971
6985
8527
8588
993
117
9112
4678
840
3344
7812
3854
1611
5977
2408
8669
4025
3454
5610
9280
8184
9465
1664
2091
4892
3524
3990
2902
3686
1372
3926
9009
8358
2453
7598
9351
8922
3062
381
9763
6406
8193
9969
4370
4170
2377
3039
4547
5832
5001
3827
368
818
1843
8811
5711
1719
2802
4965
5405
4174
8891
766
8884
7696
4716
4587
6619
7779
1320
2734
537
9513
2703
4907
35
1433
4298
934
7265
9299
4761
3985
6470
2956
2796
8533
4675
5598
3498
6432
6125
8742
7199
1361
6438
8267
5949
9409
2398
7269
2143
2936
3135
1199
4195
9522
2632
8494
457
6249
4145
1570
234
615
879
3030
9148
5554
4981
8999
8339
7458
4093
5538
5171
531
157
7472
6293
2556
1094
8436
1844
4229
5987
6039
103
8619
885
6912
1220
1383
4835
1454
8350
5714
837
3851
7620
2170
2850
5959
5980
6943
7849
1151
3826
8007
8624
119
563
9718
4908
2407
299
7247
4798
6754
2219
2036
3667
3439
3419
4854
4894
1769
568
2083
1972
4540
4253
4822
500
233
8117
8349
1384
8296
6356
6360
4767
3271
6078
6027
2030
2729
3275
3181
9484
5494
5217
3151
8933
4988
8005
179
6757
4925
2262
5082
9465
6515
6256
9965
3100
4374
4667
837
9022
7375
7197
3789
6999
9628
9817
9029
8709
9444
2210
8193
4938
3779
7696
223
8767
2053
6755
1877
3330
9017
6959
2796
1885
3215
9113
1337
3941
132
2174
2963
7508
5724
6753
4507
1704
2922
9888
413
2366
2099
4959
3656
5878
9007
231
998
1061
6986
2875
4391
2356
9834
3539
593
3049
2653
1930
3343
2785
457
6306
6645
2533
9411
7504
589
2333
7393
7354
1051
9492
2313
1059
1722
1321
7643
2720
8734
981
1947
3125
3337
1781
6665
282
1183
5670
8565
4526
4807
9022
832
7805
7907
6596
5309
8496
5281
2702
5850
6333
8546
4516
3744
6621
5837
1387
5693
4571
8721
7641
4048
8410
9422
7065
8693
605
9087
7258
1483
3895
2632
8668
1700
6891
5264
3361
5387
545
6064
7589
3230
4610
2105
3327
7583
4294
1066
3277
5217
9787
918
9266
8198
6692
2683
3243
3650
1771
6853
5133
5666
9485
3801
3718
6376
5417
7079
8115
5963
9495
5704
5545
458
4162
8872
8041
8456
6291
7670
26
6078
8588
9292
628
5281
8327
3871
8931
98
724
416
2116
6561
570
2186
9289
5987
5618
3756
8302
5113
5813
3848
1923
9975
9072
9965
4783
5363
7635
4809
7794
2576
453
8422
4209
8781
8646
3140
8879
5722
9908
7348
2284
478
9534
7925
6466
5152
1682
4768
6618
7495
4968
8541
7470
393
8506
8605
2108
2494
3415
9902
1422
3868
4677
5631
2649
9675
5123
7881
5397
5031
5229
4033
5510
4763
1959
1976
6268
3641
3096
2886
1136
4417
1427
4958
1162
6286
3563
3270
5132
6978
9525
6554
7199
554
2185
6200
229
7308
4081
1978
2339
9310
6012
4201
426
7971
2529
6694
7964
1978
5932
5452
6395
7359
410
7557
3645
325
7179
5129
3656
6704
1683
855
3610
220
7055
3839
7528
7489
2170
6220
6799
8182
421
3577
2505
9303
6623
6821
1281
2555
2273
7676
6267
2683
1585
9912
9360
8764
1394
3016
1821
3077
3871
5431
3298
7279
5623
7178
4768
4145
9750
7919
8679
172
1497
7536
5827
4472
4357
7108
7028
6630
1136
9647
5665
2721
5911
5025
7837
7305
8042
6010
383
8265
7794
33
5544
9769
7211
312
3914
6962
8232
8945
3486
6081
6481
5665
6905
838
2773
285
7468
3909
9932
9485
2982
5844
4510
819
3149
8904
3182
9884
3522
976
9917
9066
7097
3481
5731
7363
6795
315
6308
6633
2748
2789
2298
9653
3627
5071
9939
7447
8980
9871
6932
1962
2067
7794
9133
5217
3051
8667
5101
6573
9643
5019
1991
3092
4852
4074
455
1647
4389
6763
8280
3489
9552
578
3143
9531
2001
9434
6978
7333
5657
262
5647
7725
8057
4780
9294
1108
3448
4395
4033
9443
5766
6024
2536
618
99
9343
2265
840
6107
6897
4330
2011
3827
3825
1543
5828
9611
8521
3161
5268
5136
8808
9345
3193
9941
8639
653
9741
9387
4686
5536
5153
710
4424
5772
7161
3768
4389
8002
9875
1287
2332
1886
5114
6157
9781
7295
2120
4655
456
7388
9791
5617
3086
2984
1910
1725
9989
8003
1112
4675
3539
2618
1737
7964
4742
8899
8084
9131
6901
7959
6770
5585
6197
8237
8094
2331
5532
214
6986
2340
3954
6777
4309
7040
6113
2571
8766
6102
574
6230
777
4114
8848
2514
8430
9942
7765
6514
9074
1018
825
2196
6603
3374
433
1049
5705
5965
1263
2691
4658
1570
5820
5319
8610
1933
7891
3728
8035
8465
6311
8812
8931
1511
7679
3713
1454
1796
6579
528
2815
7404
2724
5770
7131
9510
6820
9188
1827
4435
8232
6485
6005
4052
1805
968
5986
9696
4696
4021
4513
1007
9186
3445
8871
3217
7158
325
5013
3738
7205
4180
7494
9929
9951
4625
5791
6771
166
7619
7558
8398
4104
9916
8802
2261
884
4788
8309
1932
5162
2823
9292
700
6268
8163
269
9778
8488
5282
3516
5693
9463
1011
1974
5766
1988
7766
8889
2154
1737
6447
6904
5841
2715
5707
4455
3599
6847
9116
1884
8361
1939
1176
9061
4559
5691
5682
4338
531
7317
4206
2576
3132
5217
902
8898
3558
8668
7787
2064
405
586
8969
2599
3302
1028
3406
3253
7875
2522
1489
2589
814
9017
8002
5373
4708
3685
6063
1591
1002
270
4167
4134
1839
5070
9384
5397
90
7171
3814
6848
4109
2783
9447
3763
163
9205
3369
4390
1727
4858
6979
8893
3876
1334
4267
4936
5019
6682
6528
2373
6952
7047
6507
5144
2117
2243
6893
8560
9414
707
5408
9875
9842
1207
3639
5
412
7008
4396
8491
8218
7727
7385
8446
9061
8004
3383
432
1038
6263
2805
4343
9662
5664
9487
8132
7907
6380
6692
3673
7088
2100
3549
6930
3307
7188
3288
71
548
7684
4914
5118
1763
2299
3565
825
6655
3300
1257
4046
9563
4063
8389
5577
6079
7876
3709
3987
608
401
7660
7696
8853
1209
979
8512
4749
4267
8583
1649
8303
3498
6768
66
2149
333
7243
5157
3633
4853
9203
9548
5268
7592
5125
1347
1820
8835
5334
2428
5588
2995
6477
4442
556
3808
2954
1658
8075
7890
3307
2730
7740
75
9148
6241
6760
6392
1398
393
7597
6953
6293
2865
897
1419
4212
9069
6606
5899
1498
2194
5246
4327
6636
5802
4487
9591
7460
8914
3833
768
1644
1573
7195
792
7814
3956
3536
5565
701
1133
2518
6995
3998
3416
8414
4563
8837
1372
462
335
3566
5708
1014
203
7862
5501
6146
5323
4415
9979
2443
2411
1552
5990
3204
9366
9946
3092
4931
7000
4226
3802
3995
4576
3570
8761
9139
2407
133
5953
9095
3699
1661
109
254
5876
1963
6400
1199
2730
2731
9994
5142
4283
5984
8346
2
5931
7790
1285
9283
2016
5087
3278
2945
8657
8391
8436
7417
8524
4390
6512
8575
2403
2973
8830
8279
4936
1582
5830
7667
4314
5824
9161
4949
1809
3859
4951
4092
1649
6237
3375
18
1324
3005
2963
6334
1396
1399
3751
6272
2141
6615
1199
4545
9588
6381
9176
877
4316
5007
4896
8630
7183
4057
3579
5344
7916
4883
9436
9565
1120
9163
5935
8796
8520
8898
1482
9916
6650
1585
2540
8791
8200
92
9688
4141
6473
5217
5018
789
224
6266
5771
3759
323
5703
9104
4591
586
8540
508
8058
4056
6444
3206
2576
1694
4689
8845
8344
2626
1385
3488
7179
7829
9528
1320
4303
4745
2690
1444
1321
8956
7216
5081
5631
2919
4185
222
9857
9077
730
4267
3133
3526
7473
2062
5221
8514
907
9917
1141
8644
3405
4672
6474
2934
5992
777
4031
8682
8573
5353
3990
5789
434
9621
5060
4619
9843
1269
48
6925
5536
9534
452
3010
1596
5673
7876
2503
5590
5369
7499
5348
41
3973
8282
6033
1102
2313
1067
9676
4018
5057
1817
4452
4678
3230
5423
873
4499
5472
7799
36
1358
8251
9398
2954
276
3626
1809
5866
8996
9308
1214
9037
9634
5848
1423
736
4514
2490
6764
8532
3900
4934
9337
8578
8164
1112
5804
9015
6584
3603
5403
4294
8206
4801
7248
8482
8428
9057
4348
3776
4718
1915
2813
4352
4115
4236
1440
4981
6727
4557
9866
627
9491
9203
5557
7655
315
1361
6670
3252
1316
8426
7546
9522
3227
1147
8004
8007
6556
8705
1783
1274
6972
949
1978
7439
5185
9771
2421
8264
4328
2287
5243
3819
7842
7153
7826
4509
4866
4496
4113
6183
2922
1660
2057
2502
9159
62
6861
5715
5119
4997
3342
8443
2298
1672
5882
7483
1443
4655
2100
5771
3294
3695
9590
1136
848
7416
1998
5715
8265
6111
8250
7539
4123
307
6393
3282
6721
9607
8998
1840
956
8692
6635
3254
364
2518
7089
1808
3525
9189
7579
6820
2885
3522
4308
85
7290
6306
5800
5555
8770
4050
9447
2893
710
5840
6176
7431
5447
1526
5624
6403
6570
2259
6009
6934
1129
3099
5094
4655
8640
9026
7827
7877
8900
8487
7963
6190
1146
115
1746
9916
518
1193
2809
1228
3385
5337
5011
5185
3215
635
1588
9785
9247
3950
3072
376
7049
4518
1383
2041
9896
5562
9919
8796
4050
7882
4987
1548
7997
3085
1464
4867
4278
625
6095
4015
2315
1107
9200
1882
8094
7141
1668
7341
1091
1092
4070
4492
1962
1805
6533
1859
3720
6452
655
4122
4334
5642
5670
8684
5079
7134
9903
5709
4111
2351
9725
2778
3458
8925
4661
7904
6066
2681
1598
7157
3773
5668
1649
5735
3825
8183
3946
7545
987
4602
1667
5322
6596
3689
358
1676
7175
6613
7385
1287
8964
7110
4065
2422
2388
8726
6679
8454
7759
8277
1964
1532
297
9965
3620
474
4500
7566
8020
5488
8520
6039
7162
5117
9729
3872
3145
6904
485
530
4543
9450
3993
4961
8224
6381
39
4903
1187
7799
9532
3151
5683
9829
9469
9303
6656
3969
3222
4676
9457
1742
7067
2971
3211
3148
6843
6356
6405
7329
3239
7300
3131
7232
2261
1355
9965
2301
2611
1152
6452
2143
656
2135
8325
125
1439
4981
446
1013
6009
9904
9107
9428
9227
8671
8929
6071
5027
5334
9752
4618
2634
2883
8202
1248
590
8167
3549
3201
5672
1
1697
6328
8488
22
2805
6279
1355
3251
7292
3716
9507
2752
3144
8735
1423
2073
1158
2802
3759
910
7421
6394
145
5623
7642
7087
143
7543
289
5815
3896
1986
8495
2384
8360
7652
8664
6067
903
2308
9783
411
5060
2927
5498
6483
1353
6656
9286
5112
3918
6707
7858
415
8682
1852
7502
5177
9395
7791
992
9643
6129
5839
2028
841
3491
7044
6908
747
9352
3043
7510
4413
2323
3008
896
3676
9664
182
5140
9934
3241
2999
349
1924
4851
7851
7101
599
1995
4446
242
4476
6637
8622
1670
6481
5666
4930
3580
5019
7974
1090
5784
6649
4098
6680
325
114
3215
1817
6400
2808
1168
6749
1084
6020
952
4538
2971
9299
5336
3213
3776
1973
8188
1798
4806
3854
6728
8386
5225
1054
9476
1009
7703
9926
7690
4380
6392
7257
2550
2792
65
3718
9541
1150
9738
6846
5688
9061
6145
1024
2275
6273
9349
6815
8071
4156
669
1152
8894
5895
8558
4723
6904
2614
4649
946
6994
1042
8203
9544
3834
8269
3263
9728
5771
9353
6574
1459
8415
2719
8835
7042
8993
8184
3857
3416
8692
878
920
7587
6773
9479
2310
30
2093
3311
976
5439
705
9180
1336
4540
3801
4599
4268
5924
304
7194
7383
5071
9913
2570
8465
5258
7106
8674
8675
5799
9553
5947
9738
6326
5426
8400
6356
7519
1711
3685
9311
2417
2865
647
3309
3018
1598
3929
8942
1902
1123
2677
3326
7388
5247
1791
2647
2353
466
7674
4504
19
3621
4242
2697
5400
8994
5406
9271
706
9091
8582
9475
8308
9229
2784
7678
7179
3065
6620
9082
4188
5649
8760
1576
7248
551
575
9601
7369
4601
458
7388
4575
1052
6438
9975
47
1844
9246
753
7287
7829
6580
5595
3410
5716
3273
590
8781
6245
6024
9321
1894
4784
7249
9142
1687
4177
5095
9057
8778
1905
2797
3353
2958
9235
3328
3005
1079
8927
110
4718
3108
6690
313
2870
8758
9938
3460
3891
6183
5836
3212
4429
620
6813
9923
8660
990
5019
7717
9769
3276
514
9474
6234
9750
9155
9239
7181
8082
5701
1900
7542
8743
8565
412
7501
8504
3873
1392
1039
6061
956
1821
3034
7770
1744
1694
8760
3115
9411
4881
6392
9925
4356
2626
6027
9863
8218
9561
7945
3919
1461
5487
2663
6378
5899
6516
1234
6124
7909
2274
2186
5217
447
5220
2987
2191
6914
8100
1659
2677
2981
8051
8954
3689
7029
4982
3552
1599
4543
7849
5519
2356
3336
4534
8734
5588
1050
9969
8064
5311
8595
250
529
9042
1822
9868
7585
5088
7968
5596
7765
950
3647
6720
991
7029
8054
4544
8628
2597
2393
499
1305
2082
1385
39
7670
8788
6360
5734
4099
1307
2337
980
6701
4159
849
639
9248
8817
6235
3365
6119
6235
6437
7111
9616
4491
1655
8244
3440
4048
5096
4745
2482
2833
1137
152
1621
3849
2239
5721
5157
4576
6701
8210
5087
3902
8849
687
2720
1437
4053
8839
7672
490
5950
7288
1334
3957
1884
4774
8006
3332
9520
488
6166
7009
6993
7787
858
5584
9860
6015
160
2914
578
1599
6816
9427
2287
5888
864
2692
4728
4888
9534
7030
2176
868
988
413
5643
5346
3745
1515
2186
6263
8524
9179
403
9382
4763
263
1750
1275
9529
2328
2875
2698
8107
1514
8586
5324
558
9666
6564
92
6697
5093
7313
7685
5506
9308
3031
5603
823
1569
1867
5699
7101
2270
1433
8216
8885
3183
9492
4767
1863
8719
7465
6323
6585
2403
7999
7143
2070
4563
7235
8767
9656
900
2804
5162
208
2187
7118
7383
3756
8985
3082
857
7607
4516
9074
2844
4051
4918
7611
5915
9989
1428
2238
6574
3832
237
3717
5902
1152
7304
1021
809
4557
3825
2323
4765
2364
9441
2149
2472
4778
1583
9682
8737
6099
8756
1582
151
26
9193
2418
15
622
1008
2941
806
7597
3010
6708
8749
6666
7729
9558
1223
7906
8234
5989
6622
7675
4490
9094
8806
6073
8776
7543
8525
3884
5477
5028
3910
1023
7446
277
7997
4806
9570
8803
2403
2580
5511
1152
9247
9592
7063
470
3850
5297
2811
472
9324
7301
9566
4482
9727
8343
2026
8252
2227
7503
9632
2490
8526
7078
9119
6523
1884
8690
5326
639
1270
7189
1791
6869
3133
5206
3692
6983
503
6503
7455
6180
157
3374
662
6236
8069
9040
840
296
2896
472
9138
1422
7550
8258
4298
5786
3300
5976
6425
922
9518
4568
7792
2651
9775
7836
9635
6630
4339
3442
9162
848
3168
9825
7084
1237
5217
4276
7886
8113
4748
7024
5888
8650
1634
186
4436
4934
2514
7213
5857
2032
8134
1
4684
4261
7837
671
891
8528
465
6406
5729
3634
2583
9165
1223
7800
3442
9109
5914
8190
2486
1802
6841
4120
8340
7629
5407
854
1195
1264
2887
5681
7617
3923
9942
5454
4594
7185
334
5059
3591
6063
5045
6174
5229
6269
327
8671
1730
2593
3213
4216
747
54
4689
9087
4036
96
6293
1583
7712
9180
7264
5329
3103
7206
7135
4049
4391
7469
5461
4335
3533
6858
6861
5114
9479
7188
3785
1210
6133
6998
1778
6880
3405
6467
2319
3793
2915
8613
5376
6979
4145
8992
8660
7249
2550
5795
7650
3293
9617
9463
7628
9502
6322
842
4616
5801
4382
4753
7011
516
8103
5142
7396
1508
7961
9716
1653
877
4681
3381
4208
8826
2373
2869
2427
4923
5016
78
4569
985
9541
2197
487
5863
9391
1455
8017
3774
6208
1380
4290
664
6522
8038
2172
4484
4106
178
5361
8787
3559
5921
7614
2285
8790
41
3560
3807
6471
8129
1144
2365
6679
1632
8228
6070
9439
2597
9844
2000
3978
486
2664
500
8525
1188
4984
2631
1366
6697
7771
4926
2619
5385
3563
7761
1778
7123
7920
4602
5253
9065
6967
1932
697
1547
4354
6488
4145
4199
8488
8123
4685
1152
8623
9562
2341
9960
8546
59
6657
6317
1337
5628
8054
4900
3390
6184
2024
1310
786
3629
375
7753
1913
7424
9301
6267
265
3446
6818
8753
7921
7856
6258
2896
7418
8599
2856
2316
5010
5866
8633
6348
1494
3039
1248
1236
9224
9624
8899
6362
9605
9274
4116
7870
3051
9769
490
3316
9567
7308
8421
7488
1516
4679
384
8935
9630
9593
7603
4641
5459
2589
7341
3305
5628
4941
894
1204
4566
9793
3919
523
5419
8035
8394
4822
4156
8884
8138
3723
2544
2912
7563
4061
7591
7947
9348
7222
3892
6951
8215
5703
9540
5556
9009
1521
497
6255
9077
1415
6048
2996
8291
7819
7383
6685
2642
1539
1921
7132
1614
4465
44
9177
4878
3988
3477
4226
7562
7369
7530
5777
3073
3422
7685
8434
1295
8182
4689
373
5950
7089
9721
4241
4908
7105
7278
7550
4996
9199
1035
2963
16
1079
2140
1247
5067
5617
5473
2629
9339
9355
4758
2412
2778
2443
7198
4073
6978
1887
798
2928
8976
520
3521
236
3977
799
7787
5325
6350
5174
8288
2718
6253
429
3965
7673
2398
5791
302
1737
5146
1413
501
4276
3856
7699
4702
7186
9586
5500
114
4914
2372
9987
5151
6349
7138
9290
8027
9840
4464
6315
2559
7069
3096
2876
4742
5495
8667
1397
7232
166
2810
4086
794
3018
1785
5496
205
1372
997
6671
2638
3369
6659
4141
6071
149
9783
4098
9990
599
413
8901
7669
3510
1777
8763
5357
6797
160
8941
3315
9322
3027
4109
2341
4813
9606
8898
2537
6955
5569
5175
324
8580
5669
2747
8730
5452
3197
5072
6052
9963
3973
73
3473
2102
5188
5182
5251
1701
4123
8566
1023
7151
2676
9716
8316
8634
8614
853
5589
536
2380
2265
9116
8049
1365
4198
9854
4562
9270
2258
4525
9595
8683
4350
8050
3871
9532
3301
5572
8
1868
6596
7159
896
2664
5475
5882
7631
2680
1471
8167
5060
88
3635
9462
1453
7834
5668
6016
3456
7926
541
9404
2961
1244
7454
6832
776
7107
2405
784
5327
5353
4295
6223
8017
6122
8457
2000
8802
9928
167
215
6369
155
6029
7822
4341
1697
190
4149
5975
7084
3553
8936
8328
7359
2120
9104
4467
4525
6241
9794
9878
6888
6018
4248
3011
827
6248
8165
756
2768
8380
3477
2923
761
1299
3616
8810
1490
7765
4785
4926
1319
73
3254
8678
2194
8710
3145
3071
4951
2940
2950
8192
5310
3550
1203
6137
6150
9368
3245
8918
4101
6722
8193
1214
4374
1809
25
2216
9575
1162
7142
894
1236
396
5924
9782
9106
9070
2853
410
8362
2155
8602
24
2057
6157
6161
8208
5525
5759
7126
5978
8833
5320
7193
3207
3481
7218
5423
3056
4732
2565
302
5968
9313
6227
2102
8420
1649
1308
5182
11
9815
136
35
1873
6293
2548
81
8170
4659
3559
4149
3493
8879
7694
6700
8713
1264
8476
1769
5996
7393
2072
8317
6707
4651
419
1479
6300
8079
6661
2663
7895
6797
9050
9768
3090
1598
6201
7612
2610
9760
1761
6103
8640
5807
9155
7353
7071
3983
5474
3068
1377
3898
1385
8084
8549
8156
9563
4849
6236
2576
7512
483
5725
6562
251
5167
4513
6452
2779
7123
6212
893
9578
1204
6700
5085
4909
3772
9069
6736
3192
6798
634
929
1234
9184
5437
797
4033
1673
9725
1546
2156
5450
4460
8759
617
8973
1563
3396
2448
7776
4289
8378
5332
7342
3464
6594
7466
8885
3330
658
2035
3964
7939
3269
3148
3376
418
7182
1402
143
5080
9910
5593
5892
8670
6210
4866
6585
5958
3666
4361
6600
2045
6046
3942
1861
2640
1408
7098
5970
8418
9133
9934
2709
2402
9435
2437
2820
6617
3839
2963
8049
102
4908
3941
5124
7470
5159
1709
3428
8826
2423
28
7223
8469
322
9084
1109
8082
6182
3431
2852
5315
9717
5561
4069
9152
7999
6889
2121
8190
9852
170
8292
4760
464
3416
2230
1975
1478
2010
801
3901
8391
4376
2370
8713
3460
9831
3148
5994
3262
6000
7661
2979
7914
1730
2132
2265
8619
4253
455
4823
776
5100
5935
7592
4868
4517
9567
6346
2880
6721
247
1271
1097
8969
6336
910
8800
9484
3256
2062
1837
918
1394
9751
2648
3526
8368
7620
4131
8823
8795
1259
275
4731
8851
5144
5600
8419
7842
8480
1492
4442
6103
2589
3411
2440
9851
2212
8276
3108
626
6465
4026
2020
6216
3026
1898
936
6998
6030
9760
5794
3641
6387
6877
2493
1531
2477
7264
5726
7310
8756
168
3413
1345
3579
2205
1197
2143
6834
657
2770
3299
4683
1142
5868
4061
3041
6804
1060
5423
6564
3206
9064
9304
83
7909
835
8912
5173
6561
2574
3929
3081
5988
1627
6661
4545
9176
5156
1379
9833
7926
4679
868
5421
547
1281
4814
3703
2341
6589
268
5547
2005
9572
1982
9915
6759
7247
5088
9673
9821
5370
2754
2161
3349
5767
6707
2525
924
8086
8710
5202
9117
5930
623
6016
7211
5437
9720
5905
2026
6340
7804
4032
2264
9787
299
5375
7034
1739
5048
6855
7109
4155
9017
6810
6274
2076
9335
3550
6514
4397
8753
5632
327
5728
8000
7539
1166
7720
3444
9544
4060
1248
9928
2676
7387
227
8052
4421
1967
9452
7629
5428
3607
2998
2239
6234
1426
7926
9784
7940
2324
8537
9924
9003
618
7925
6542
1784
5645
6338
7680
6058
3939
3961
8734
1326
540
6786
2100
2507
6239
6081
4288
6198
5431
2879
2432
6857
7157
8569
4797
5833
7106
1074
4837
7724
8999
7731
5860
996
4070
9893
7054
8009
3854
2141
5687
4394
5279
7787
3254
7870
3868
3894
4069
9299
3125
2853
2508
282
1422
7306
6116
4881
8380
953
8957
3731
5036
1170
4727
9106
7415
8134
3467
7621
6627
9155
8367
1906
3294
7973
6129
3515
1867
6550
9166
4992
9403
1675
1627
7178
5333
7743
8411
65
5048
3720
3796
84
1242
4875
5543
8657
3009
5362
2630
5988
869
998
4247
4164
8971
376
4031
7191
6926
3197
8535
2681
4872
162
9859
205
4257
4622
270
9305
4695
418
5742
5937
5294
7637
947
4655
2999
3577
644
3869
927
4891
4385
9899
1619
4768
7090
8545
7965
5625
1226
9190
2140
7438
5747
6397
2060
2370
5703
6755
2788
7797
9045
4434
5434
9992
5442
8433
9921
2438
8654
849
7329
9391
7100
8948
4159
4190
3845
8477
6167
5071
7667
8307
2509
3414
4705
922
2136
6760
4029
1277
4557
9426
5711
6343
9418
1153
1128
5692
3591
6135
6541
7272
5526
3641
2572
6038
4183
6417
4515
6702
7841
2182
1362
6702
1948
6067
7624
4085
9179
8006
5362
88
7432
7425
6431
3203
8579
3911
5247
8522
46
8140
2147
1925
1781
4719
7963
2316
7489
2478
5370
5330
4660
6732
8384
2960
2799
2361
7045
8330
367
8759
8418
4151
6185
1201
3706
1116
1465
8953
5990
1511
7093
8137
3436
5226
9209
1399
3894
6698
3877
9265
8380
4889
5997
6764
7850
5149
9125
1247
3479
5844
7
8250
6348
2544
5803
54
3660
7268
5360
6002
8780
2453
4140
8568
4032
3349
6320
7926
47
6549
7191
4779
1439
9541
7895
5641
4690
3373
6888
4521
9217
3247
9123
1917
2143
4927
8324
2155
2195
3684
8158
7327
2489
2298
2248
6521
5647
8568
800
2046
5117
4343
6825
6556
3884
1072
8549
4926
4445
1790
5800
15
5037
4923
1932
7181
9850
256
5688
8398
292
3846
5725
9134
6144
4325
2007
8143
2893
2807
189
8011
7151
3366
919
7387
4439
9469
8666
8884
1259
4466
8899
2648
9389
7184
6181
5592
3792
1870
3990
4085
5716
6067
9571
8213
393
1578
6356
3286
4386
6546
7649
7889
6264
8569
1628
703
4390
294
5940
5649
4760
1191
4649
4150
8375
831
9742
2168
9053
84
2605
4769
6151
8528
2982
2896
106
9339
6183
844
2237
184
8733
8501
8753
6714
5557
3143
7008
7849
5144
8121
9040
9794
8623
7416
6977
8365
5936
6030
4801
4893
7151
952
3421
134
201
3527
5825
6384
724
4414
2920
5809
9267
1674
2523
4824
1169
5884
2673
6314
4005
8066
2460
2628
1834
5789
7345
7770
8171
2146
9015
5322
9450
8788
1808
9651
8667
3985
2387
9391
8399
5308
5201
7667
3334
7724
8843
4503
3608
7869
7169
7613
5935
5981
6593
7769
1770
3938
1891
9941
2436
906
1616
8239
9694
3424
7890
8361
7410
6630
7753
2161
8290
2954
9828
7976
7030
8672
2479
639
6541
6001
4604
8828
8334
1198
6597
105
1488
8488
6398
3925
5746
8014
2164
5440
7791
6406
153
1553
9388
4258
3714
7678
3564
3543
5654
595
8567
4486
7586
1460
6839
8542
288
5173
9740
3237
1630
7581
1725
8029
7858
7471
2395
22
9263
6538
2780
5768
8091
2169
27
1806
6199
3591
1701
8206
538
268
9044
8124
8080
5883
6667
8368
7408
2759
1605
9039
6692
9682
3420
4550
3505
2167
4572
2768
8706
3705
8536
6797
5874
4915
4955
8425
8507
6656
6631
5397
3276
2027
9874
1356
4262
6541
6076
1671
5652
4033
710
2345
3715
4130
6895
3572
2649
7820
6340
1355
1525
1229
4505
3751
2496
5812
8528
7355
2469
1512
2753
2097
3539
2627
3454
7802
5520
5882
9473
1172
9916
6535
9869
9983
7017
3117
3556
9666
937
9896
7374
8814
7477
1879
8917
9974
4043
7445
7329
2864
8957
6434
4962
2497
9061
4768
299
4581
650
6124
2106
566
2659
8327
550
9676
1444
4106
9342
8733
354
3068
3899
4184
1299
2816
510
5343
262
7839
8207
9219
4274
3169
8068
9687
4289
4719
4269
4940
843
2727
1858
9854
1054
2408
5882
8851
2866
1577
7584
3221
4645
1484
3757
5945
652
4267
1288
914
8458
9495
6486
2732
9017
906
8772
9658
5626
9393
4598
2821
2120
6457
2676
9526
5217
8558
8377
4436
135
5962
4009
1133
3798
7766
7078
4450
2033
8366
1717
491
4213
4555
9576
9582
5461
4700
9241
1087
4093
191
3909
6213
3000
2937
5739
4570
7847
469
9006
4335
2783
3015
5468
6581
7133
2546
7383
9166
7264
9100
6009
1477
3655
1937
7412
5469
6637
3005
6556
730
3196
6817
3295
2549
9754
5387
7119
3954
5856
2477
8289
8639
1844
3757
1572
8977
2655
8955
4495
9919
4408
6856
7748
4415
5146
1512
9884
1783
4517
2793
8866
4066
9610
8513
2967
5717
252
86
9671
6108
8915
4312
1099
759
4421
9023
6088
7076
7979
583
3347
8739
3791
7447
9506
8937
8960
9391
7073
9829
8536
5939
3895
8146
804
6862
215
1057
3300
9886
3517
8567
550
969
9326
4971
9992
1766
8399
4323
2349
8098
3062
2493
5546
2569
1430
858
8312
8503
687
6848
794
935
1346
1599
7797
1562
9008
7450
7800
8877
6017
8351
9846
1696
9674
9839
3462
4426
4162
2164
2524
3577
4657
4422
2498
6087
1632
7162
943
2320
4010
1737
3255
1708
9688
7404
3270
5048
4854
7423
3926
7224
2126
3772
8920
1800
3611
2382
6226
4126
898
5103
7703
5555
5877
201
7995
7510
7363
5290
6182
7725
3379
5789
5785
3068
3193
5408
4468
4400
2831
8394
7976
4957
8519
6896
3109
8482
5630
5688
2608
2881
791
6663
8436
3020
3216
2783
530
6931
8073
6712
1008
1453
2501
6794
873
2047
2202
5341
2799
1385
88
775
2694
8607
7671
5803
7089
9653
1491
9698
2534
8634
2713
7323
1655
5930
106
2185
2861
4532
5250
3870
2337
4103
7016
3210
6150
9218
4903
8949
6955
4991
6076
9649
3598
99
5452
688
9753
3296
6738
8639
1930
9451
5962
9937
5381
2421
8475
4595
3305
3725
8465
5642
4180
1833
5204
6683
1051
107
1984
4358
5099
8061
4007
8697
8160
5811
5737
4265
9107
2475
2905
7390
8279
5219
7327
3660
3992
2154
4607
7297
2231
9424
9291
6412
1257
4495
3095
8660
4603
5079
3018
6054
9492
7025
1103
7653
9189
6841
1918
8296
5668
1175
2038
299
2747
5718
312
6739
7872
4919
389
104
4344
6032
6516
5601
528
5963
4262
1483
7394
3632
7537
6887
7010
4992
4540
6199
8185
2810
847
206
338
9238
505
3085
4956
817
6176
2828
5737
2917
9284
81
8950
2152
2034
9478
8115
2648
7313
5510
6281
1202
2397
